user_id
5971
454
2912
5325
4823
6241
2420
5917
882
2541
5526
2022
3778
5224
5562
5566
5413
2065
5017
5337
5269
2634
489
635
2593
2644
5386
6299
2296
4292
5218
112
692
5723
5840
955
1798
4477
4850
189
2847
3284
3994
4964
5199
4134
4444
1210
1594
4913
2517
2891
3490
3770
3773
3799
5295
5839
2348
4172
4290
4986
5037
5675
389
1221
3217
4628
6109
148
293
1112
2401
3637
4117
4233
4778
5108
5140
6063
190
1524
1627
2600
3010
3252
4078
5695
6275
149
597
854
921
1025
2256
2329
2834
3254
5901
618
1529
3087
3116
3160
3650
3737
3808
4108
4783
5052
5423
5556
1450
1689
3185
3225
3286
4987
5147
5256
5398
5494
1028
2393
2782
3161
3449
3554
3678
3925
5141
5297
196
236
1220
1279
1498
1679
1741
2324
2650
4712
4798
6013
1948
2318
3364
3569
3800
4422
4434
5093
5154
6165
6252
233
313
435
1305
1735
3762
4114
4242
5252
5883
6131
6218
683
819
1608
1871
1876
1992
2427
2641
2807
2861
2870
4123
4504
5747
5937
6295
184
705
749
1100
1799
1953
2064
2871
2918
3164
3302
3337
3618
4717
4935
4988
5495
5635
652
775
1093
1114
1919
2104
2954
2963
3290
3878
4156
4418
4725
4744
4978
5187
5568
5817
5995
131
373
427
1452
1909
1966
2376
2421
2655
2817
3633
3685
5364
5433
5573
5644
5855
6092
7
722
816
1363
2190
2253
2740
2904
2907
2942
3102
3307
3394
3843
4203
4238
4355
4878
5007
5074
5091
5149
5772
5976
6052
6064
6226
6341
6345
330
478
689
880
961
1120
1272
1480
1789
1834
2132
2199
2383
2488
2510
3084
3144
3351
3360
4000
4137
4965
5129
5167
5216
5506
5620
5826
5999
6170
6217
6236
6237
6247
6300
48
657
680
1171
1237
1312
1327
1745
1846
1874
1924
2251
2307
2407
3410
3542
3585
4042
4093
4202
4348
4574
5134
5367
5670
5728
5962
6076
6294
162
180
761
1021
1521
1610
1959
1967
2112
2227
2356
2441
2513
2544
2629
2845
2909
3330
3645
3675
3817
4166
4742
4765
4882
5230
5354
5601
5714
5717
6049
6164
6262
467
708
849
1018
1554
1624
1841
1869
1944
2462
2798
2915
2977
3056
3358
3795
3867
3995
4016
4025
4308
4312
4498
4584
4607
5448
5586
5648
5820
6014
6355
164
238
342
756
872
974
1143
1295
1778
1862
1885
1936
1999
2453
2914
2941
2983
3085
3111
3130
3150
3189
3218
3679
3860
4038
4426
4431
4468
4585
4592
4730
4807
4962
5027
5103
5388
5453
5705
6114
6115
91
183
201
247
463
569
791
958
982
1215
1280
1701
1724
1758
2024
2232
2325
2361
2774
3119
3152
3385
3458
3480
3690
3899
3904
4005
4494
4659
4794
5060
5478
5533
5808
5842
5895
5965
6183
6293
36
42
274
325
405
453
721
826
859
1159
1192
1292
1620
2094
2117
2171
2339
2402
2408
2418
2476
2531
2657
2762
3079
3238
3296
3382
3415
3523
4466
4486
4597
4967
5073
5146
5162
5259
5264
5339
5404
5596
5681
5780
5985
6337
522
599
923
935
956
1048
1205
1249
1582
1760
1771
1860
1995
2005
2025
2050
2054
2126
2191
2690
2696
3070
3122
3269
3557
3587
3634
3982
4010
4014
4193
4237
4296
4452
4496
4564
4847
4905
5065
5114
5248
5674
5698
5718
5811
5979
6062
6075
6135
248
316
327
367
420
651
752
787
942
983
1141
1184
1186
1424
1466
1549
1688
1695
1881
1917
2046
2125
2200
2302
2403
2628
2630
2686
2964
3082
3120
3231
3262
3362
3381
3420
3605
3656
3788
3801
3811
3824
3866
3957
4080
4097
4149
4289
4303
4520
4640
4663
4672
4716
4757
4883
5033
5180
5188
5407
5445
5629
5700
5703
5788
5975
6174
6176
6225
6317
6343
92
166
227
304
469
501
503
1016
1030
1049
1070
1133
1351
1408
1444
1858
2010
2208
2281
2373
2375
2437
2799
2878
3078
3099
3138
3159
3320
3347
3365
3397
3416
3588
3943
4142
4201
4258
4300
4318
4359
4373
4544
4586
4641
4728
4739
4740
4777
4934
4945
5118
5202
5305
5323
5512
5527
5543
5645
5791
5824
5942
6206
6207
6303
55
80
128
139
314
619
668
841
860
986
1005
1062
1086
1123
1132
1208
1222
1301
1548
1587
1589
1693
1810
1816
1823
1875
1933
1964
2023
2063
2069
2072
2280
2352
2651
2816
2879
2893
3025
3125
3206
3249
3285
3310
3445
3521
3598
3760
3821
3900
3931
4092
4109
4363
4367
4407
4423
4576
4733
4835
4854
5171
5245
5350
5443
5617
5631
5683
5713
5745
5892
5988
6071
6083
6085
6154
6256
6272
40
61
69
285
358
434
455
465
502
556
576
600
742
755
770
845
895
1042
1178
1225
1231
1232
1276
1288
1362
1432
1465
1493
1499
1505
1611
1642
1659
1686
1727
1761
1918
2008
2097
2176
2186
2247
2288
2450
2670
2693
2711
2746
2789
2825
2846
3005
3014
3297
3312
3313
3321
3344
3363
3401
3442
3471
3477
3486
3495
3552
3571
3728
3739
4031
4130
4241
4390
4398
4399
4464
4579
4613
4625
4702
4715
4782
4826
4875
4892
5013
5061
5068
5136
5175
5315
5452
5466
5476
5477
5529
5604
5632
5884
5889
5934
5943
5969
5978
6000
6026
6059
6112
6129
10
24
100
108
142
282
338
385
418
476
482
602
661
757
780
832
851
994
1151
1196
1296
1311
1369
1386
1399
1434
1445
1460
1470
1551
1593
1648
1680
1681
1743
1749
1750
1785
1838
1856
1884
1978
1980
2001
2083
2181
2202
2215
2392
2411
2433
2446
2545
2563
2610
2635
2700
2804
2808
2856
2931
2939
2970
2978
2984
3020
3240
3331
3453
3466
3473
3489
3533
3544
3547
3566
3576
3594
3627
3659
3681
3717
3841
3853
3856
3859
3877
3953
3961
4011
4060
4121
4143
4186
4195
4383
4419
4476
4503
4522
4714
4718
4729
4767
4779
4792
4812
4830
4851
4950
5098
5104
5111
5197
5223
5228
5257
5316
5340
5363
5365
5375
5437
5522
5570
5600
5619
5661
5813
5863
5874
5986
6003
6024
6044
6163
6250
27
37
53
102
123
146
298
328
350
384
386
391
416
422
461
468
577
585
634
666
706
767
778
833
866
913
932
966
1150
1181
1226
1228
1271
1304
1329
1407
1415
1420
1442
1469
1563
1592
1599
1652
1747
1765
1997
2002
2049
2153
2225
2226
2239
2249
2338
2465
2480
2484
2504
2515
2516
2519
2554
2566
2765
2791
2814
2829
2851
2863
2884
2889
2900
2934
2966
2993
3028
3054
3092
3176
3184
3190
3265
3272
3273
3287
3342
3349
3366
3426
3440
3451
3510
3537
3561
3697
3786
3806
3851
3871
3884
3887
3902
3905
3935
3960
3966
4020
4111
4135
4204
4273
4313
4329
4346
4401
4473
4512
4532
4571
4646
4720
4838
4861
4909
4971
4976
5095
5172
5226
5300
5603
5613
5776
5821
5834
5877
5890
5951
5983
6102
6215
6239
6279
6290
6296
6301
6308
6310
20
68
75
158
174
188
268
371
443
448
510
537
560
603
606
611
684
744
746
751
762
813
822
836
867
871
889
941
997
1097
1126
1138
1176
1201
1213
1223
1235
1257
1261
1262
1268
1287
1294
1317
1333
1367
1381
1405
1439
1474
1517
1528
1537
1559
1560
1561
1576
1595
1607
1623
1649
1668
1720
1748
1803
1865
1930
1943
1969
1984
2015
2042
2062
2079
2122
2130
2159
2166
2206
2291
2385
2388
2472
2474
2530
2533
2548
2564
2596
2754
2832
