user_id
6199
6202
6214
6221
6228
6249
6264
6268
6269
6285
6286
6291
6297
6298
6311
6314
6321
6324
6327
6330
6331
6344
6347
6349
16
18
21
34
38
46
49
50
52
63
79
85
97
115
118
138
144
163
168
178
194
206
220
223
232
243
246
253
287
295
315
317
322
329
332
340
345
349
361
363
368
383
393
408
423
437
442
451
457
477
481
485
486
499
508
512
526
531
536
547
548
558
567
578
579
622
624
630
633
638
641
647
655
662
663
664
669
677
686
688
697
702
709
714
724
729
765
781
785
790
793
806
815
827
834
846
848
850
852
853
869
874
876
878
884
887
898
902
909
910
911
926
927
929
946
963
965
978
1004
1022
1031
1032
1033
1044
1052
1058
1059
1072
1073
1077
1119
1139
1142
1145
1164
1170
1188
1195
1198
1199
1245
1246
1252
1255
1269
1273
1274
1289
1322
1328
1330
1331
1336
1342
1348
1355
1373
1378
1380
1384
1395
1410
1416
1436
1448
1449
1468
1472
1479
1494
1504
1507
1516
1535
1543
1552
1557
1564
1572
1574
1575
1577
1588
1600
1602
1603
1606
1625
1632
1651
1661
1665
1671
1674
1675
1684
1685
1696
1702
1718
1722
1730
1757
1764
1770
1774
1782
1784
1790
1795
1806
1812
1818
1822
1845
1848
1851
1892
1901
1907
1912
1926
1941
1956
1986
1994
2006
2012
2032
2033
2058
2066
2077
2099
2103
2108
2114
2144
2147
2174
2183
2185
2192
2207
2210
2213
2231
2238
2244
2254
2259
2278
2301
2305
2313
2314
2321
2330
2331
2340
2343
2357
2358
2390
2399
2414
2429
2448
2459
2470
2481
2486
2487
2491
2495
2503
2514
2524
2543
2558
2567
2574
2576
2577
2583
2595
2609
2613
2618
2627
2638
2648
2662
2663
2665
2679
2685
2692
2698
2701
2745
2752
2755
2771
2772
2775
2777
2779
2781
2795
2796
2803
2820
2839
2840
2841
2862
2872
2886
2894
2919
2930
2937
2946
2981
2996
3002
3024
3039
3057
3061
3063
3065
3066
3068
3073
3106
3117
3118
3126
3139
3157
3163
3166
3181
3182
3193
3202
3205
3212
3213
3214
3223
3224
3226
3230
3233
3235
3243
3245
3247
3255
3257
3258
3259
3261
3274
3278
3281
3283
3292
3293
3299
3300
3306
3324
3338
3367
3370
3393
3400
3425
3427
3443
3446
3450
3456
3478
3483
3485
3488
3497
3515
3525
3526
3535
3546
3564
3567
3575
3578
3592
3597
3599
3613
3615
3616
3621
3628
3640
3644
3665
3670
3672
3673
3683
3687
3689
3705
3711
3713
3716
3725
3742
3754
3755
3759
3767
3772
3790
3804
3814
3815
3831
3836
3842
3855
3857
3862
3869
3872
3880
3889
3893
3894
3897
3901
3913
3927
3934
3937
3950
3984
3985
4027
4069
4079
4084
4101
4118
4147
4157
4171
4178
4179
4180
4191
4200
4211
4215
4217
4219
4221
4239
4251
4261
4266
4269
4284
4287
4288
4304
4319
4323
4334
4342
4347
4361
4366
4369
4375
4394
4405
4410
4414
4416
4435
4460
4462
4478
4483
4492
4493
4509
4549
4554
4561
4563
4582
4589
4603
4611
4617
4621
4639
4651
4652
4658
4660
4669
4688
4690
4696
4711
4719
4722
4723
4737
4758
4760
4770
4772
4784
4800
4803
4804
4819
4855
4857
4859
4908
4910
4912
4915
4926
4930
4947
4948
4951
4960
4970
4980
4984
4996
5000
5004
5005
5011
5018
5024
5039
5040
5041
5042
5043
5050
5051
5053
5090
5099
5105
5115
5116
5121
5127
5150
5161
5163
5179
5185
5193
5196
5231
5233
5234
5241
5255
5260
5273
5279
5282
5286
5291
5293
5312
5319
5329
5331
5342
5347
5359
5362
5368
5384
5385
5397
5410
5427
5429
5440
5449
5483
5485
5487
5502
5509
5528
5536
5538
5557
5560
5593
5594
5608
5633
5638
5653
5654
5664
5665
5686
5690
5709
5719
5724
5733
5735
5743
5751
5753
5760
5771
5773
5798
5807
5822
5836
5841
5849
5891
5896
5898
5899
5900
5905
5906
5910
5911
5918
5924
5927
5932
5939
5941
5947
5950
5959
5968
5970
5973
5987
6030
6031
6051
6056
6061
6081
6089
6095
6104
6110
6125
6134
6147
6152
6158
6161
6168
6177
6180
6184
6185
6201
6203
6209
6210
6219
6238
6240
6243
6257
6259
6263
6270
6274
6284
6289
6304
6313
6316
6328
6332
6346
9
44
54
59
62
77
89
90
96
125
134
135
143
155
213
234
262
269
273
289
308
312
333
352
400
401
450
474
496
559
580
582
588
590
612
628
649
674
679
698
710
712
760
768
769
795
823
831
868
904
924
936
973
976
1024
1035
1038
1050
1057
1061
1071
1105
1148
1149
1189
1191
1214
1224
1250
1253
1260
1282
1303
1315
1353
1354
1358
1397
1401
1413
1438
1485
1487
1500
1503
1506
1515
1526
1553
1568
1569
1578
1597
1618
1635
1638
1640
1646
1667
1692
1697
1703
1705
1710
1726
1737
1754
1762
1773
1783
1802
1805
1849
1867
1873
1903
1922
1925
1935
1939
1940
1965
1973
1991
2003
2009
2016
2081
2092
2115
2116
2119
2127
2128
2131
2141
2151
2177
2201
2205
2217
2218
2229
2236
2266
2295
2316
2322
2323
2326
2328
2353
2374
2391
2419
2431
2436
2445
2456
2483
2509
2550
2556
2560
2571
2599
2603
2632
2659
2672
2697
2715
2717
2719
2733
2744
2776
2780
2824
2858
2908
2920
2927
2932
2948
2957
3003
3047
3060
3075
3108
3129
3142
3179
3191
3200
3201
3209
3234
3242
3260
3309
3323
3327
3355
3356
3377
3386
3388
3407
3436
3454
3482
3513
3514
3516
3522
3550
3555
3556
3563
3607
3608
3610
3635
3646
3647
3686
3692
3720
3726
3752
3761
3796
3819
3823
3829
3833
3846
3883
3908
3909
3924
3926
3938
3955
3971
3979
3980
4008
4023
4029
4032
4065
4105
4132
4148
4153
4159
4162
4164
4216
4229
4231
4257
4262
4276
4291
4294
4321
4336
4341
4352
4358
4360
4365
4381
4384
4386
4388
4392
4402
4413
4421
4424
4427
4456
4458
4481
4495
4514
4534
4555
4594
4606
4649
4662
4678
4692
4700
4701
4713
4741
4748
4752
4762
4775
4797
4822
4824
4870
4873
4877
4880
4904
4907
4941
4963
5003
5009
5010
5023
5107
5124
5184
5208
5211
5225
5254
5296
5304
5332
5333
5351
5361
5387
5392
5401
5406
5409
5454
5470
5471
5475
5479
5490
5496
5505
5525
5531
5590
5597
5614
5623
5636
5660
5767
5802
5835
5852
5853
5870
5893
5897
5919
5940
5944
5972
5977
6008
6021
6080
6130
6141
6148
6169
6173
6216
6224
6253
6276
6278
6281
6312
6320
6323
6333
6335
6352
6357
0
5
150
154
157
202
214
237
309
382
607
642
726
730
736
772
804
858
908
979
1029
1079
1081
1109
1168
1175
1182
1190
1258
1431
1440
1447
1565
1628
1643
1663
1711
1716
1729
1731
1759
1763
1872
1916
1920
1928
1934
1977
2098
2120
2167
2198
2212
2274
2335
2372
2379
2512
2528
2668
2680
2708
2734
2747
2811
2815
2828
2864
2877
2943
2976
2994
3145
3177
3197
3227
3253
3271
3328
3357
3399
3435
3457
3487
3503
3545
3648
3733
3768
3777
3794
3863
3886
3945
4017
4037
4145
4183
4189
4223
4250
4274
4320
4403
4417
4450
4455
4480
4523
4533
4546
4568
4599
4624
4650
4698
4738
4769
4841
4911
4927
5022
5253
5263
5266
5414
5491
5542
5545
5552
5576
5580
5605
5764
5804
5862
5945
6010
6022
6220
6222
6248
6292
6334
