user_id
5236
5328
5391
5415
5457
5503
5543
5548
5549
5626
5662
5741
5766
5768
5787
5909
5936
5942
5963
5974
6098
6107
6142
6145
6280
6342
1521
1967
923
2690
3070
3557
4193
2541
661
1680
2256
2446
2970
3473
3877
4812
4851
5863
2376
3678
145
231
294
616
743
873
930
1012
1075
1140
1208
1463
1823
1842
1854
1875
1952
1985
2023
2063
2194
2605
2674
2718
2749
2773
2969
3011
3137
3204
3441
3445
3598
3995
4004
4043
4248
4430
4610
4636
4667
4749
4853
4924
4973
5198
5222
5345
5442
5540
5555
5602
5642
5989
6060
6085
6128
6231
5134
6241
1186
2046
2403
3362
3957
4149
5788
5976
130
137
351
514
565
916
1284
1292
2171
2303
2344
2956
3079
3238
3290
3415
3662
3993
4224
5250
5431
5519
5563
5871
6113
6244
6348
1876
1936
4426
5037
1210
5413
53
422
1442
2393
2441
2516
2909
3176
3366
3871
5226
5821
6102
3351
5999
465
770
1232
1505
2008
3297
5889
2891
4935
5224
233
1133
4201
6299
1582
2025
2126
4987
5674
1724
2361
3385
2462
3358
4584
6076
2634
4878
6052
2954
5568
4123
5526
2318
5141
1529
3116
3808
1524
1627
72
86
128
174
212
272
276
280
302
324
336
398
415
431
444
459
464
492
507
516
528
545
583
587
605
611
632
636
692
699
713
731
732
792
817
821
857
863
865
901
949
964
984
989
993
1003
1014
1017
1025
1041
1062
1076
1096
1107
1135
1144
1197
1200
1235
1243
1319
1367
1390
1400
1441
1458
1461
1474
1482
1495
1497
1519
1522
1544
1560
1573
1583
1604
1616
1690
1717
1725
1735
1743
1777
1780
1821
1831
1837
1844
1878
1904
1906
1915
1923
1927
1929
1968
1979
1981
2014
2042
2047
2053
2079
2084
2096
2110
2157
2181
2260
2268
2270
2280
2289
2291
2319
2332
2386
2438
2451
2461
2467
2468
2494
2532
2536
2546
2553
2584
2592
2601
2666
2678
2681
2687
2688
2689
2736
2748
2753
2756
2778
2787
2790
2797
2855
2964
2984
3031
3080
3083
3095
3113
3169
3171
3183
3198
3228
3263
3275
3282
3302
3317
3318
3335
3343
3359
3374
3412
3414
3421
3462
3533
3553
3572
3605
3612
3625
3630
3642
3653
3654
3658
3685
3693
3694
3702
3715
3717
3723
3744
3771
3788
3807
3826
3858
3860
3876
3906
3944
3974
4059
4074
4096
4100
4117
4175
4209
4246
4282
4286
4299
4326
4345
4350
4371
4377
4387
4400
4411
4415
4442
4451
4454
4467
4470
4476
4489
4506
4515
4516
4548
4557
4590
4604
4670
4674
4676
4691
4703
4724
4727
4754
4763
4764
4787
4793
4808
4817
4929
4952
4997
5001
5002
5019
5025
5064
5079
5110
5131
5145
5155
5194
5217
5242
5277
5287
5310
5313
5326
5330
5358
5370
5383
5399
5402
5411
5425
5450
5504
5508
5539
5559
5571
5582
5587
5588
5658
5673
5676
5677
5705
5710
5711
5715
5720
5737
5810
5816
5830
5888
5923
5931
5952
5971
5984
5992
6001
6040
6045
6090
6114
6150
6159
6167
6189
6193
6246
6251
6300
6307
6315
3252
5093
5817
6345
48
1924
4312
4494
5808
3122
635
2593
92
1408
2437
2799
3943
5917
5325
3164
5295
69
358
576
1362
2693
3344
4031
3360
4000
468
1271
1652
1997
2513
2554
2829
3451
3935
4512
5877
6301
3569
4585
4730
6115
181
250
311
318
325
552
782
991
1721
1739
2294
2398
2418
2490
2723
2843
3173
3291
3959
4102
4259
4583
5243
5339
3843
236
1695
4097
4757
5188
5407
6176
6225
1312
1327
4042
3284
55
84
337
439
554
708
788
906
1132
1147
1852
1998
2219
2370
2499
2573
2614
2813
2880
2892
3581
3830
3940
3977
4030
4124
4542
4605
4671
5171
5238
5288
5352
5412
5516
5611
5631
5949
5988
6038
6055
6309
1798
247
791
3458
3637
3904
10
597
851
1386
1445
1785
3594
4186
4714
5228
5619
599
956
3286
3587
5718
3217
180
2112
6164
6262
775
4292
78
249
251
264
372
379
381
387
426
494
510
733
861
870
955
995
1036
1063
1070
1082
1088
1102
1162
1218
1223
1236
1256
1341
1343
1357
1381
1419
1422
1446
1467
1533
1570
1639
1668
1723
1803
1850
1963
2038
2043
2051
2090
2158
2204
2206
2211
2263
2362
2369
2388
2425
2453
2460
2673
2759
2875
2899
2925
2926
2950
2953
2958
2973
2989
3035
3140
3153
3167
3168
3365
3506
3638
3699
3731
3850
3918
4050
4174
4214
4242
4293
4389
4391
4463
4500
4596
4630
4684
4814
4860
4939
4998
5006
5084
5207
5323
5393
5394
5405
5416
5467
5510
5520
5647
5739
5867
5980
6077
6166
6181
6287
749
3542
3585
4093
5728
42
453
2408
2531
3296
61
427
1452
1642
2450
2655
2817
4390
5315
5529
5573
3185
1594
5747
160
208
378
543
720
1121
1266
1512
1699
2279
2285
2579
2630
2686
2917
3048
3134
3236
3262
3339
3417
3494
3641
4055
4120
4192
4213
4289
4339
4821
4986
5028
5195
5317
5445
5914
5269
4108
183
293
2232
5842
6218
3490
27
189
386
461
666
778
1304
1765
2049
2504
2966
3330
3561
3697
4909
5297
6239
3307
1222
3285
4733
5443
6071
6083
522
4237
4905
6062
164
4962
454
6295
882
8
17
30
51
81
103
132
173
176
216
239
241
245
271
281
284
290
299
303
343
347
394
421
425
430
446
447
456
471
480
517
523
532
535
551
581
584
598
653
656
678
703
737
745
758
759
779
789
807
811
824
826
828
830
840
842
875
899
915
943
944
952
962
971
985
1002
1016
1020
1043
1069
1074
1084
1087
1111
1127
1134
1137
1151
1152
1163
1173
1174
1209
1216
1229
1254
1267
1278
1283
1286
1293
1297
1313
1323
1338
1349
1366
1374
1383
1389
1393
1398
1403
1409
1412
1421
1426
1430
1443
1456
1462
1471
1477
1478
1496
1511
1547
1558
1584
1596
1605
1614
1615
1622
1629
1636
1657
1677
1691
1700
1707
1708
1713
1733
1779
1781
1789
1796
1807
1826
1830
1832
1847
1858
1864
1883
1898
1946
2000
2018
2026
2028
2059
2060
2071
2073
2076
2091
2113
2124
2133
2138
2139
2143
2228
2235
2273
2287
2297
2329
2336
2337
2345
2350
2394
2395
2400
2409
2415
2422
2439
2452
2482
2502
2521
2537
2575
2590
2602
2637
2653
2675
2677
2702
2705
2710
2720
2721
2757
2758
2812
2835
2868
2869
2878
2882
2888
2895
2897
2905
2915
2944
2960
2967
2986
2988
2998
3000
3064
3076
3086
3088
3146
3172
3232
3267
3279
3280
3289
3322
3331
3336
3350
3380
3389
3390
3404
3408
3418
3429
3465
3502
3504
3512
3527
3532
3548
3565
3570
3589
3632
3636
3666
3741
3751
3769
3827
3835
3895
3919
3923
3925
3949
3958
3976
3997
4012
4015
4025
4053
4068
4075
4087
4115
4128
4131
4143
4144
4146
4168
4220
4228
4253
4275
4279
4280
4295
4349
4383
4428
4438
4441
4447
4449
4453
4474
4475
4487
4507
4526
4540
4577
4578
4600
4622
4647
4656
4657
4686
4689
4699
4705
4728
4796
4799
4810
4825
4829
4830
4836
4850
4856
4889
4891
4897
4940
4956
4972
4991
5030
5035
5057
5058
5067
5076
5077
5087
5089
5101
5102
5113
5117
5152
5169
5177
5206
5221
5261
5281
5284
5324
5343
5344
5355
5363
5365
5377
5419
5439
5468
5480
5498
5518
5570
5575
5583
5584
5616
5625
5628
5693
5740
5744
5759
5762
5769
5789
5791
5797
5799
5800
5823
5825
5844
5880
5904
5930
5967
5996
6067
6082
6088
6099
6106
6119
6138
6143
6156
6175
6178
6190
6194
6221
6223
6228
6232
6250
6264
6268
6286
6291
6297
6305
6324
6327
6329
6344
6349
4422
5154
3102
5149
2845
2847
5601
5839
463
1758
2774
651
1220
4080
4672
6343
1608
389
1611
2186
4613
443
606
762
871
941
1528
1607
2159
2564
3387
3438
3448
3868
4210
5190
5469
5492
5682
6234
6306
2022
1249
2054
3269
5065
961
2199
2401
22
31
153
256
404
467
695
888
928
986
1005
1350
1352
1404
1634
1880
1974
2055
2382
2413
2707
2918
2977
3025
3101
3319
3737
4109
4155
4254
4306
4353
4374
4429
4645
4750
4783
4820
4886
4989
5045
5138
5554
5745
5765
5892
6200
722
4134
2402
5259
1150
1610
2629
3287
3786
4111
4204
4329
4532
5354
373
1030
2208
3159
5883
1689
91
982
5965
1745
3364
3650
4444
6
12
26
179
248
296
307
319
365
390
407
414
438
452
458
466
472
506
509
594
667
670
727
771
780
805
814
854
892
897
981
987
999
1000
1015
1026
1034
1078
1128
1264
1311
1359
1406
1424
1488
1491
1644
1658
1687
1688
1715
1749
1766
1793
1808
1855
1958
1980
2007
2045
2052
2068
2129
2145
2164
2214
2216
2241
2265
2269
2290
2310
2389
2392
2444
2463
2479
2501
2547
2597
2619
2624
2642
2683
2694
2739
2743
2768
2786
2836
2928
2936
2987
3021
3038
3053
3055
3093
3158
3192
3264
3268
3334
3341
3437
3439
3453
3591
3623
3676
3734
3838
3954
3961
4054
4077
4169
4177
4212
4225
4285
4301
4327
4433
4448
4465
4530
4550
4619
4640
4683
4729
4776
4790
4806
4834
4885
4893
4925
5223
5227
5314
5320
5420
5456
5461
5524
5569
5607
5639
5685
5757
5812
5814
5848
5876
5902
5928
5953
6025
6041
6087
6117
6136
6137
6174
6204
6271
2644
3554
2253
2740
4238
5091
3056
3867
3634
4496
455
1225
1761
2288
2670
3321
5068
5969
5978
6000
4166
4882
195
203
211
1093
2094
2770
3090
3254
3601
3611
3722
3864
4322
4466
4565
4593
4744
4823
5056
5678
5681
5707
5763
5881
6160
196
1279
2324
5367
139
1816
1953
3449
2024
3899
5060
1272
2488
2427
5398
109
119
127
275
449
525
533
603
609
694
696
716
738
744
776
925
947
1039
1131
1287
1318
1340
1356
1370
1486
1525
1531
1654
1720
1744
1859
1865
1930
1943
1983
1999
2248
2257
2355
2525
2539
2570
2654
2724
2805
2865
2867
2874
2916
2990
3004
3040
3143
3187
3215
3220
3372
3379
3411
3452
3474
3539
3617
3624
3781
3844
3890
4026
4185
4240
4315
4324
4482
4544
4655
4694
4938
5038
5054
5085
5109
5247
5305
5348
5424
5441
5453
5511
5514
5589
5679
5734
5749
5805
5886
6017
6020
6037
6039
6103
6121
6226
6265
921
4607
316
420
1549
5180
5629
2963
4418
5187
4233
5140
384
1181
1226
1599
2566
2782
2993
3184
3426
5199
5714
6308
935
1205
5114
112
4348
5670
6294
4504
56
111
151
230
994
1120
1165
1427
1542
1660
1755
1819
1978
1989
2082
2083
2156
2339
2359
2563
2657
2848
2921
2995
3154
3188
3314
3422
3468
3586
3667
3680
4129
4197
4539
5097
5111
5249
5280
5375
5378
5521
5534
5754
5887
5958
6100
6131
6237
2600
5478
1686
1727
2711
4892
5013
5017
5943
974
2914
3130
652
5566
5995
3770
244
377
637
1483
1670
1693
1825
1938
1944
1971
2169
2893
3103
3461
3538
3783
4136
4309
4331
4423
4572
4827
4854
4918
5651
5865
5935
6004
6012
6027
6111
6118
6182
6336
1992
2641
162
1959
3675
227
3762
4318
4934
4778
3410
94
787
1466
1538
2107
2146
2302
2510
2800
2935
3084
3120
3655
3732
3911
4104
4675
4697
4876
4932
5506
1995
141
886
1159
1177
1435
1776
2080
2245
2252
3027
3467
3626
4089
4477
5574
5780
3618
5562
5533
819
6109
342
560
813
836
1143
2166
2472
3218
3536
3583
3736
4370
4953
5088
6242
6277
1841
102
391
706
932
2153
2465
3342
3960
4473
4742
1846
5423
1369
1681
1838
2411
2610
3544
3681
4121
5104
1112
6063
1493
1966
4875
1086
1587
1589
4576
469
4373
4740
2650
3087
3160
721
4078
569
3119
2983
4290
5840
1834
5826
816
5772
1909
1919
2871
3773
15
19
39
45
68
70
87
95
113
114
117
140
161
171
191
192
193
198
215
224
254
261
270
278
326
331
341
346
360
395
418
432
433
441
460
487
498
500
518
520
534
541
564
572
575
589
595
643
654
660
675
683
718
719
747
751
757
784
794
797
800
810
843
844
862
872
896
940
951
953
954
1001
1006
1011
1023
1037
1051
1054
1060
1099
1100
1115
1125
1156
1166
1185
1187
1192
1194
1207
1244
1263
1275
1285
1307
1308
1314
1321
1326
1332
1333
1334
1337
1339
1344
1346
1385
1391
1399
1417
1437
1489
1490
1498
1501
1527
1534
1539
1545
1550
1551
1555
1566
1580
1586
1598
1609
1626
1631
1633
1641
1645
1647
1655
1664
1669
1676
1742
1750
1767
1769
1794
1797
1811
1813
1817
1829
1836
1843
1861
1866
1869
1877
1911
1949
1954
1987
1988
1990
2002
2017
2020
2034
2056
2085
2089
2102
2117
2123
2134
2140
2149
2152
2172
2184
2188
2200
2203
2220
2249
2258
2308
2312
2364
2371
2373
2385
2412
2442
2447
2471
2485
2507
2520
2523
2527
2542
2549
2568
2608
2617
2620
2623
2626
2645
2661
2664
2684
2712
2725
2731
2738
2741
2760
2765
2783
2809
2810
2822
2830
2884
2906
2911
2940
2945
2949
2952
2968
3007
3012
3018
3043
3049
3094
3110
3165
3180
3195
3199
3206
3207
3208
3216
3221
3237
3239
3288
3301
3310
3325
3348
3376
3406
3430
3455
3463
3476
3491
3498
3528
3530
3531
3541
3543
3595
3600
3606
3629
3664
3700
3704
3706
3714
3738
3740
3743
3745
3750
3756
3764
3793
3802
3825
3839
3852
3874
3879
3891
3914
3929
3932
3936
3966
3973
3991
3999
4007
4013
4022
4036
4040
4058
4060
4067
4086
4103
4122
4137
4139
4141
4160
4176
4203
4310
4316
4332
4346
4379
4395
4443
4452
4469
4499
4518
4525
4528
4541
4556
4558
4570
4573
4579
4598
4609
4618
4625
4634
4635
4643
4644
4664
4681
4682
4746
4791
4801
4805
4816
4848
4866
4871
4872
4881
4887
4900
4902
4903
4919
4928
4933
4958
4959
5016
5029
5034
5078
5080
5082
5086
5106
5128
5133
5142
5143
5157
5164
5165
5166
5186
5189
5191
5201
5204
5210
5240
5262
5285
5298
5307
5322
5327
5341
5349
5356
5372
5379
5390
5417
5421
5430
5436
5438
5444
5446
5448
5458
5482
5493
5530
5535
5556
5572
5591
5592
5603
5604
5621
5622
5627
5640
5646
5656
5663
5668
5669
5684
5701
5778
5781
5784
5794
5811
5829
5833
5834
5854
5878
5922
5983
5991
6006
6007
6009
6023
6028
6032
6033
6047
6105
6108
6123
6133
6139
6171
6199
6269
6285
6318
6321
6330
6338
2065
3010
5494
1871
2807
4978
6064
3799
1778
4807
1221
1280
3152
5108
5695
859
2696
4014
6075
6135
3161
1184
1881
2628
3082
3231
1948
503
1351
3397
3521
3931
6154
3312
3486
4702
5452
5466
3394
5386
689
1460
2383
2545
2700
2804
3627
3856
6044
2307
634
2934
3349
3902
5230
6355
371
1295
1576
1595
2474
2530
2533
3250
5272
2861
6183
184
3337
405
529
1931
2589
4188
4693
5096
5785
5994
6094
3994
5855
6092
4847
4355
35
983
1418
3459
4163
4545
4569
4795
4894
5167
6252
313
2281
3645
6049
93
629
864
1704
2070
2072
2327
2377
3037
3249
3760
3965
4138
4397
4508
4842
4865
4913
5275
5499
2348
3189
5723
755
1432
2176
2789
3477
2904
5074
24
235
808
832
1434
1470
2061
2540
2611
2792
2831
2972
2991
3719
3921
5173
5205
5264
5837
5843
5986
6054
6163
6188
1171
2191
3190
3905
4273
6310
4883
4434
120
165
167
229
263
304
355
440
511
570
867
919
1820
1894
1960
1996
2015
2121
2130
2175
2293
2572
2621
2640
2726
2838
2876
3017
3097
3111
3368
3413
3975
3989
4119
4142
4537
4668
4773
4945
5020
5251
5380
5512
5564
5577
5652
5655
5809
6233
6340
4964
5245
488
1129
2317
3657
4977
6350
434
4628
1771
4010
6014
2190
98
105
116
142
169
200
204
297
327
344
362
366
399
563
644
650
855
918
1009
1019
1091
1158
1167
1193
1238
1377
1387
1414
1579
1678
1814
1932
1945
2165
2170
2173
2435
2578
2793
2939
2941
2979
2982
3128
3156
3340
3361
3517
3710
3712
3818
3861
3953
3962
3986
4072
4195
4206
4303
4378
4431
4505
4529
4567
4591
4614
4637
4663
4802
4837
4890
4898
4943
4955
4974
5021
5075
5159
5192
5246
5335
5360
5434
5561
5565
5630
5687
5691
5697
5726
5738
5815
5885
5938
5990
6035
6097
6151
6254
4156
4574
5962
148
4659
5147
3588
4258
4586
146
2227
2239
2519
3028
4401
4765
4861
5095
5613
691
711
1365
1753
2282
2299
2587
2651
2827
3125
3345
4272
5585
5746
880
5218
1257
1268
1623
4081
4337
5388
6149
845
1178
2247
3014
3471
4130
6112
201
5495
5675
282
283
359
479
617
717
741
786
945
1007
1010
1028
1053
1124
1196
1242
1296
1299
1320
1335
1382
1429
1476
1513
1591
1620
1650
1672
1673
1887
1890
1893
1896
1900
1910
1976
2013
2019
2027
2087
2137
2243
2267
2320
2334
2367
2397
2410
2430
2432
2526
2588
2669
2671
2691
2769
2806
2849
2887
2903
2938
3016
3019
3032
3042
3100
3115
3121
3135
3316
3428
3500
3558
3577
3643
3652
3661
3684
3688
3753
3784
3805
3854
3942
4066
4116
4125
4154
4187
4227
4328
4330
4343
4445
4471
4497
4501
4531
4538
4562
4580
4587
4615
4665
4721
4815
4895
4975
5031
5094
5100
5146
5235
5311
5338
5418
5474
5484
5501
5551
5581
5599
5610
5666
5694
5704
5716
5748
5756
5758
5777
5796
5818
5868
5882
5913
5981
5993
5997
5998
6011
6144
6157
6311
6331
657
680
3150
619
1548
5683
4976
2104
436
753
975
2591
3144
3178
3315
4085
5975
6057
4498
2097
4988
219
257
484
553
681
890
1113
1305
1537
1559
1561
1902
2380
2443
2615
2859
2974
3251
3333
3580
3620
3798
3870
3912
4057
4152
4278
4281
4357
4368
4437
4488
5026
5265
5306
5318
5742
5755
5933
761
1593
2132
4792
5600
6165
131
462
1301
1532
1810
2069
2881
2999
3812
4034
4831
2251
5033
5700
1683
3523
3775
5162
5553
5861
1415
2356
4135
6170
1659
3571
4826
1799
4739
16
38
52
63
97
101
118
178
223
253
259
315
320
340
363
368
423
526
536
547
548
579
622
624
638
647
655
662
664
665
677
702
709
750
765
815
827
834
850
884
898
910
911
926
946
963
978
980
1022
1072
1077
1119
1126
1142
1145
1164
1195
1199
1246
1255
1269
1328
1330
1331
1342
1380
1395
1436
1448
1468
1472
1494
1535
1557
1564
1572
1575
1577
1606
1632
1651
1674
1684
1685
1696
1702
1718
1736
1752
1784
1790
1795
1801
1812
1818
1845
1848
1884
1892
1901
1912
1917
1956
1994
2006
2012
2095
2103
2144
2174
2185
2238
2254
2301
2313
2321
2330
2331
2340
2343
2357
2358
2399
2414
2421
2428
2429
2448
2486
2495
2529
2543
2558
2576
2595
2607
2613
2627
2638
2648
2662
2665
2692
2701
2767
2775
2779
2788
2803
2816
2839
2840
2841
2852
2862
2872
2913
2930
2937
2946
2981
2997
3039
3057
3059
3061
3067
3077
3106
3117
3126
3127
3131
3163
3182
3186
3193
3205
3212
3213
3223
3224
3226
3230
3245
3247
3258
3259
3274
3281
3338
3367
3427
3443
3444
3481
3485
3488
3497
3525
3535
3540
3567
3579
3597
3621
3631
3644
3659
3669
3673
3687
3711
3713
3716
3755
3767
3772
3804
3814
3836
3842
3862
3889
3894
3897
3913
3915
3937
3947
4009
4047
4084
4101
4118
4147
4157
4171
4178
4191
4200
4219
4221
4251
4261
4269
4277
4287
4334
4342
4366
4369
4372
4375
4435
4462
4478
4492
4509
4551
4554
4563
4582
4589
4597
4629
4639
4651
4654
4658
4660
4718
4723
4734
4753
4758
4759
4760
4772
4784
4785
4804
4906
4910
4915
4926
4948
4970
4996
5005
5008
5018
5043
5051
5090
5098
5099
5115
5116
5127
5148
5161
5196
5231
5233
5260
5273
5279
5282
5293
5312
5319
5321
5329
5342
5368
5385
5427
5429
5473
5487
5509
5538
5541
5686
5690
5719
5724
5773
5793
5798
5807
5822
5849
5856
5879
5900
5905
5906
5918
5939
5968
6016
6030
6089
6134
6158
6161
6168
6185
6203
6209
6238
6257
6259
6263
6270
6274
6313
6319
6328
6339
6354
5527
2825
298
1747
3817
4313
4646
4038
82
260
392
626
673
829
1612
3013
5901
6337
493
1601
1714
1886
1933
3009
3023
3147
3384
4181
4553
4756
5364
958
100
822
1067
1251
1270
2381
2596
2598
2742
2942
3392
3507
3703
4232
4491
4695
4735
5301
5382
5860
4202
2476
6129
2798
225
265
412
1241
2292
2552
3420
3423
5129
5920
577
314
64
104
126
226
255
497
625
627
646
764
893
1064
1095
1110
1146
1157
1180
1204
1233
1298
1481
1541
1706
1751
1975
2010
2202
2223
2250
2508
2522
2559
2612
2713
2794
2857
3046
3062
3246
3294
3303
3353
3405
3568
3609
3677
3729
3840
3910
3930
3988
4110
4114
4165
4194
4271
4412
4459
4485
4502
4513
4517
4612
4641
4661
4766
4786
4811
4868
5070
5137
5216
5237
5274
5316
5346
5486
5488
5515
5606
5612
5847
5912
6003
6034
6042
6122
6179
6214
7
895
2746
6026
1885
3746
6132
1281
1624
1964
2221
2965
4044
4916
5795
2863
1049
5824
1215
291
348
701
972
1130
1309
1368
1617
1630
1666
1957
2086
2109
2230
2255
2477
2842
3051
3203
3373
3824
3859
3866
3928
4045
4126
4140
4205
4270
4420
4832
5036
5125
5395
6070
2762
3382
3987
5404
3900
3
380
445
561
847
1712
2035
3006
3508
3865
4755
4771
6124
6207
5648
2125
2814
5172
4296
5248
266
353
1453
1509
3748
4325
4510
5252
6084
756
841
2727
2879
4263
4623
4809
5178
5118
370
3045
6353
2922
238
1439
5522
3633
4
21
28
46
76
85
99
106
110
138
168
170
228
232
240
243
246
287
292
295
300
322
323
328
332
334
349
361
376
383
437
442
477
481
508
531
549
578
602
630
663
669
686
714
724
729
763
781
798
833
838
848
876
878
879
900
909
934
957
965
1004
1031
1033
1108
1139
1273
1289
1300
1336
1378
1394
1402
1504
1516
1543
1556
1574
1662
1722
1764
1774
1788
1806
1851
1853
1913
1955
1962
2044
2057
