user_id
3640
329
4448
2877
307
5439
1695
1710
2633
2804
3543
6293
6823
2600
3759
4135
1914
3087
3373
2812
3247
1470
1111
6712
4475
690
1017
2538
749
1304
1958
5795
3644
4294
6225
6505
6563
2602
3069
1395
3387
5611
2862
4158
5186
6369
225
6153
15
2287
4229
6373
5171
6575
4137
1084
2519
304
1199
4185
181
5675
5194
6450
2325
5306
5633
1728
5146
946
6616
729
2119
3498
386
1883
3198
6150
324
1146
5521
3865
3982
5965
408
6670
699
1934
1585
2086
3742
4069
4729
1546
5818
6247
3330
5205
5529
5878
1271
2683
4098
5261
6063
992
4886
895
3560
4658
5566
5988
6391
2109
4199
4280
5805
1260
2847
3109
4407
4969
5011
5733
2864
2970
3124
3638
5153
6637
980
3590
4500
2221
2399
3537
3663
4001
5098
5981
2689
5812
3188
3677
4524
4675
5415
5463
6060
1573
2781
3214
2199
3423
4063
5122
5165
5360
5615
6049
360
1242
1714
3159
3396
3597
3949
6558
2549
3360
4953
5990
2401
3937
4031
4404
941
1266
1598
4860
5830
1562
3234
4223
5239
801
3043
4435
5681
167
2012
5129
6204
2504
3862
4793
4845
1477
2141
2556
3657
5686
4958
5386
5836
1810
2780
4212
4707
5042
6001
257
1564
2058
6612
715
2762
3089
197
1088
3886
4648
5214
5528
6740
4990
5024
6547
6652
148
166
2040
2205
3316
3797
5667
6686
6802
212
787
1022
1911
2832
2923
3278
3390
3400
4511
4651
4746
5064
5345
45
1489
2120
3639
4548
4874
5270
5590
6484
1466
1469
1559
1561
3155
4498
5085
6212
671
1287
2466
4100
4967
4974
5484
5705
6316
2982
3149
3727
3775
3867
4418
5881
6274
6457
6564
6825
412
1645
2288
3314
3489
4837
5253
5481
6769
725
995
2036
2981
4798
4859
5645
6767
245
600
1400
2061
2208
3084
3382
4161
4766
5232
5978
1998
3120
3220
4323
4817
4909
5766
5882
5975
6124
6642
6669
6760
733
1184
2274
2623
3645
4156
4441
4534
5916
6109
6372
210
1043
1679
1771
5654
6803
1045
1741
2114
2673
3243
3435
3861
4519
6045
2131
2920
3774
3919
4543
4735
6368
6774
446
716
1510
1563
2031
2118
3429
3562
4068
6673
157
364
1994
2355
2932
3078
3283
3700
5757
6108
493
785
2585
2620
3343
3614
3725
3736
3799
1482
2664
3533
4401
4854
4871
4893
4961
5145
6284
549
1822
2277
3036
3242
3760
3767
4006
4249
4509
5212
5350
5658
5968
6461
6632
206
308
1114
1128
2333
2662
3185
3827
4241
4553
6289
246
254
519
533
688
900
2463
3450
3740
4221
5111
5880
6104
6336
6453
6736
6748
217
1252
1474
2631
3235
3681
3831
4342
5087
5220
5269
5389
5413
5707
6138
6241
6577
44
239
452
622
1657
3686
4303
5526
5938
6122
6720
92
204
1954
2395
3228
3258
3310
3395
3871
3887
4359
4805
5044
5112
5189
6378
6659
714
770
2969
3509
4197
4425
5772
6047
6052
616
929
1272
1426
2079
2377
2866
3003
3440
3550
3623
3884
3913
4771
4867
5123
5479
6320
6397
6478
539
583
885
1221
3221
4296
4906
5118
6075
574
646
1326
2310
2418
2509
2752
3195
4318
5457
6094
6317
6506
6847
476
486
1071
1212
1374
1414
1421
3238
3993
4261
4354
4479
4947
5489
5861
5907
6095
6208
6251
6550
96
278
1322
1402
1625
2158
2201
3667
3854
4054
4292
4437
5158
5160
5639
5796
5854
6290
6643
6646
333
449
756
932
960
1086
1902
2181
2709
3311
3637
3702
3782
3796
3911
4025
4493
4611
4737
5036
5573
6027
6566
30
456
744
1223
1257
1306
1519
2558
3055
3056
3536
3709
3749
3764
3980
4074
5106
5714
5749
5758
5870
5926
6252
6470
86
106
334
727
1157
1333
1394
1492
1638
1689
1692
2004
2030
2649
2691
3433
3453
4231
4488
5336
5884
6586
6694
61
143
207
343
370
485
735
836
845
1401
1683
2022
2203
2400
2708
3246
3751
4132
4244
4474
5050
5141
5298
5377
5414
5890
6263
306
701
1248
1730
1942
1977
2033
2398
2503
2525
2593
2748
3273
3351
4012
4373
5583
5619
6350
294
649
659
892
1268
1293
1332
1371
1471
1616
2052
2220
2299
2384
2573
2653
3080
3778
5230
5535
5944
6207
6235
6545
6638
6707
6770
17
179
200
323
656
704
810
2143
2189
2307
2328
2637
2693
2702
3037
3141
3153
3386
3671
3828
4042
5228
5304
5378
5887
6459
6491
6536
6836
262
355
438
448
637
826
1163
1335
1504
1539
1862
2010
2074
2468
2734
2751
2834
2850
3091
3602
3612
3848
4044
4265
4581
5614
5717
5977
6088
6240
6295
6381
6580
6621
6828
12
18
53
98
220
491
556
737
851
926
981
991
1101
1205
1274
1334
1411
1525
1654
1940
2021
2029
2500
3113
3170
3315
3737
3984
3992
4062
4167
4175
4230
4278
4403
4538
4687
4775
5196
5351
5576
6583
176
301
488
608
674
765
798
987
1169
1210
1665
1760
1839
1921
1927
2014
2283
2571
2803
2820
2902
3202
3504
3585
3938
4090
4111
4306
4664
4942
5022
5375
5387
5402
5690
5970
6090
6128
6228
6312
6494
344
1141
1202
1389
1432
1435
1670
2694
2776
3040
3044
3233
3565
3770
3905
4236
4480
4545
5218
5538
5592
5793
6214
6401
6471
117
138
489
588
647
736
768
793
1171
1185
1229
1314
1416
1705
1858
2047
2065
2083
2464
2494
2517
2601
2608
2610
2947
3117
3123
3456
3838
4133
4399
4555
4609
4718
4741
4814
5009
5454
5869
5908
5957
5986
6025
6114
6344
6371
6410
70
201
250
313
389
413
655
698
835
971
1005
1063
1117
1384
1918
2140
2174
2378
2446
2459
2580
2582
2684
2829
2995
3193
3402
3479
3816
4514
4559
4568
4593
4594
4629
5132
5173
5178
5337
5422
5448
5591
5809
5979
6037
6112
6118
6482
6879
31
349
398
418
1003
1019
1049
1325
1438
1524
1595
1639
1761
1805
1873
1986
2063
2581
2936
2964
3082
3112
3500
3675
3756
3805
3807
4084
4270
4310
4749
4901
4926
4929
5137
5374
5388
5451
5527
5532
5571
5680
6129
6655
6750
6762
77
248
275
406
534
557
617
650
686
742
784
788
812
1018
1108
1342
1373
1901
2071
2308
2315
2476
2743
2841
2853
3048
3077
3158
3165
3184
3211
3274
3297
3547
3691
4092
4116
4218
4266
4302
4417
4433
4592
4612
5180
5344
5734
6226
6230
6362
6553
6581
6631
6780
474
666
772
849
898
989
1061
1155
1316
1668
1751
1785
1792
1867
1948
1966
1972
2053
2179
2228
2427
2720
2725
2756
2763
2991
3038
3507
3635
3722
3729
3808
3821
3959
4071
4240
4386
4544
4659
4716
4922
5101
5276
5508
5649
5860
5889
5919
6126
6346
6476
330
376
451
672
921
1376
1688
1719
1823
1851
1874
1887
1907
1981
2026
2263
2319
2330
2485
2740
2797
3029
3047
3110
3128
3216
3224
3293
3357
3414
3551
3576
3658
3720
3728
3790
3814
3976
4035
4160
4164
4349
4590
4591
4697
4781
4907
4951
5190
5216
5273
5394
5764
6035
6140
6408
6620
6692
6805
41
90
101
183
602
627
907
911
978
1036
1038
1095
1179
1228
1297
1351
1488
1491
1531
1599
1669
1830
2165
2417
2435
2735
2754
2793
2876
3288
3344
3388
3393
3438
3517
3584
3616
3717
3921
3958
3979
4034
4126
4129
4178
4385
4490
4491
4634
4652
4680
4910
4923
5030
5424
5499
5569
5630
5662
5763
5918
6059
6146
6216
6301
6370
6641
6869
94
136
223
228
675
1116
1277
1323
1375
1505
1697
1777
1782
1854
1892
2172
2200
2275
2419
2489
2753
2782
3171
3279
3336
3470
3659
3723
3739
3866
4005
4050
4214
4245
4356
4378
4409
4862
4881
4921
4995
5053
5113
5197
5226
5246
5249
5310
5343
5361
5399
5472
5487
5520
5540
5781
5883
6057
6084
6149
6444
6489
6490
6560
6698
6718
6737
29
76
191
387
553
654
677
682
752
811
890
956
962
1023
1249
1263
1553
1713
2017
2137
2160
2167
2244
2363
2406
2501
2537
2636
2644
2697
2703
2749
2800
2816
2872
2931
2979
