user_id
3609
3625
3649
3665
3685
3689
3693
3696
3704
3721
3744
3763
3779
3780
3783
3801
3819
3842
3852
3857
3878
3894
3895
3900
3901
3916
3917
3920
3930
3932
3944
3957
3988
3995
4003
4009
4010
4014
4015
4022
4043
4051
4053
4070
4073
4075
4091
4093
4110
4118
4130
4174
4189
4196
4208
4215
4220
4222
4226
4228
4234
4238
4242
4264
4268
4274
4298
4309
4316
4369
4382
4383
4389
4393
4397
4416
4420
4426
4445
4465
4468
4472
4507
4512
4520
4521
4542
4546
4549
4550
4560
4602
4618
4643
4646
4653
4662
4670
4677
4703
4710
4723
4738
4751
4761
4774
4787
4792
4800
4804
4819
4820
4822
4831
4839
4852
4866
4870
4873
4877
4894
4897
4900
4933
4934
4936
4943
4950
4966
4970
4983
4984
5010
5026
5037
5038
5055
5057
5060
5069
5077
5078
5099
5100
5116
5128
5142
5191
5203
5207
5219
5234
5254
5266
5280
5282
5288
5292
5294
5325
5327
5346
5376
5390
5391
5393
5419
5421
5428
5447
5471
5474
5476
5478
5501
5502
5519
5539
5542
5548
5549
5552
5553
5563
5574
5589
5595
5597
5598
5607
5608
5610
5620
5623
5626
5632
5636
5642
5648
5650
5676
5691
5696
5699
5706
5715
5724
5737
5740
5744
5760
5762
5769
5775
5776
5787
5791
5804
5811
5827
5829
5833
5840
5843
5851
5863
5864
5868
5873
5899
5901
5905
5909
5924
5925
5931
5936
5945
5955
5967
5982
6008
6041
6064
6071
6081
6082
6092
6099
6103
6116
6141
6181
6188
6198
6202
6206
6220
6221
6222
6232
6233
6236
6264
6271
6285
6287
6298
6314
6315
6347
6355
6356
6360
6364
6377
6386
6403
6406
6409
6417
6418
6420
6428
6443
6447
6454
6499
6500
6508
6509
6512
6520
6529
6530
6552
6572
6579
6588
6590
6597
6600
6605
6622
6623
6630
6645
6662
6664
6679
6687
6689
6697
6699
6700
6708
6714
6722
6731
6757
6763
6764
6775
6786
6787
6790
6816
6820
6827
6831
6838
6848
6854
6868
6880
6885
4
5
36
50
60
85
97
111
144
145
151
156
158
164
165
170
202
214
218
222
241
256
287
291
317
325
327
353
390
395
410
422
426
437
439
459
468
471
477
498
505
513
517
521
527
532
555
561
569
584
587
591
638
641
653
667
676
687
692
696
713
766
778
780
790
791
825
827
834
854
864
882
908
913
914
916
919
950
955
957
963
1008
1011
1024
1044
1048
1066
1079
1087
1092
1097
1102
1122
1126
1144
1152
1153
1156
1173
1178
1181
1204
1209
1214
1219
1227
1243
1247
1251
1256
1295
1311
1315
1329
1348
1352
1392
1415
1423
1442
1454
1480
1495
1514
1521
1529
1541
1556
1558
1565
1568
1578
1580
1596
1664
1680
1681
1685
1708
1749
1772
1800
1806
1821
1827
1828
1856
1861
1864
1866
1875
1884
1893
1899
1915
1916
1920
1931
1959
1960
1969
1993
2002
2011
2016
2028
2050
2056
2057
2069
2077
2095
2096
2097
2099
2107
2126
2132
2148
2149
2151
2169
2177
2183
2191
2192
2214
2219
2230
2281
2285
2289
2295
2311
2323
2339
2353
2438
2440
2455
2470
2473
2484
2523
2529
2530
2535
2553
2555
2566
2568
2583
2587
2594
2611
2613
2632
2635
2640
2648
2654
2660
2667
2679
2699
2729
2739
2745
2746
2757
2790
2794
2795
2801
2811
2837
2851
2911
2928
2934
2949
2961
2990
2992
2998
3001
3011
3017
3032
3099
3104
3187
3206
3215
3217
3244
3264
3271
3272
3280
3281
3282
3299
3304
3307
3337
3350
3366
3381
3392
3411
3416
3419
3427
3431
3436
3471
3490
3496
3502
3514
3528
3541
3546
3553
3564
3567
3583
3606
3611
3617
3621
3622
3624
3630
3647
3648
3680
3683
3688
3697
3707
3746
3788
3789
3795
3817
3826
3834
3853
3875
3910
3922
3925
3935
3936
3960
3961
3962
3963
3964
3965
3967
3968
3969
3970
3983
4011
4013
4026
4064
4076
4102
4103
4108
4119
4125
4142
4143
4144
4150
4152
4202
4207
4211
4224
4263
4275
4279
4283
4299
4304
4307
4332
4341
4353
4367
4374
4398
4408
4423
4424
4440
4462
4464
4469
4476
4485
4487
4502
4516
4522
4533
4537
4566
4576
4577
4605
4606
4608
4632
4638
4640
4698
4709
4721
4748
4762
4770
4772
4782
4808
4840
4843
4844
4848
4861
4878
4883
4890
4895
4898
4912
4938
4939
4959
4965
4977
4979
4991
5013
5025
5034
5047
5056
5063
5073
5075
5076
5082
5084
5092
5102
5119
5121
5133
5148
5152
5192
5206
5211
5222
5243
5255
5260
5277
5285
5290
5309
5321
5334
5362
5385
5410
5416
5423
5443
5455
5460
5466
5475
5513
5517
5544
5560
5578
5596
5601
5603
5605
5629
5637
5638
5640
5643
5651
5652
5656
5663
5666
5677
5678
5684
5702
5704
5713
5716
5720
5723
5743
5751
5774
5782
5788
5794
5810
5832
5838
5848
5857
5859
5898
5913
5914
5915
5942
5948
5952
5964
5969
5987
6002
6039
6106
6117
6121
6131
6134
6143
6151
6158
6166
6178
6186
6187
6234
6244
6250
6269
6275
6310
6318
6325
6332
6335
6363
6385
6389
6421
6431
6435
6456
6462
6474
6485
6513
6516
6533
6543
6544
6549
6568
6574
6576
6582
6594
6610
6626
6629
6633
6636
6671
6672
6685
6709
6734
6742
6745
6754
6761
6794
6797
6806
6822
6837
6843
6846
6867
6877
19
37
55
110
116
119
120
147
171
188
231
232
233
260
263
271
379
421
423
427
433
434
440
470
472
473
524
531
542
562
563
568
592
612
615
652
662
669
678
691
760
783
797
807
813
815
828
839
842
861
866
869
871
922
945
949
954
986
1009
1016
1034
1039
1047
1059
1060
1067
1134
1170
1175
1261
1364
1441
1486
1490
1542
1560
1581
1650
1658
1666
1677
1721
1736
1750
1814
1865
1877
1880
1882
1896
1905
1932
1945
1961
1973
2008
2015
2027
2032
2044
2088
2110
2144
2188
2212
2235
2300
2302
2317
2344
2348
2387
2389
2390
2404
2423
2432
2436
2451
2479
2481
2552
2569
2656
2690
2759
2768
2777
2788
2827
2870
2883
2888
2901
2925
3019
3058
3114
3136
3156
3157
3164
3205
3207
3232
3239
3301
3306
3361
3370
3377
3424
3469
3473
3475
3480
3484
3535
3545
3559
3570
3586
3587
3626
3632
3653
3670
3820
3829
3851
3868
3880
3926
3951
3966
3996
3997
4040
4072
4107
4136
4180
4183
4191
4247
4254
4262
4272
4287
4315
4337
4343
4352
4375
4387
4428
4460
4482
4483
4536
4540
4547
4556
4558
4567
4572
4619
4645
4678
4683
4686
4696
4708
4714
4717
4726
4745
4752
4755
4757
4765
4779
4783
4795
4842
4853
4927
4978
4994
4996
5019
5058
5105
5125
5127
5149
5168
5181
5210
5223
5250
5263
5305
5329
5347
5363
5368
5369
5372
5381
5403
5431
5432
5436
5449
5462
5477
5512
5541
5547
5602
5609
5653
5670
5672
5682
5685
5727
5729
5770
5783
5798
5807
5821
5858
5866
5920
5928
5934
5946
5961
5973
5976
5996
6031
6040
6051
6056
6065
6102
6135
6195
6200
6239
6255
6276
6338
6376
6388
6392
6426
6427
6440
6445
6467
6481
6486
6557
6565
6570
6640
6648
6650
6654
6696
6704
6716
6739
6743
6744
6751
6776
6809
6810
6833
6840
6863
13
99
115
126
155
180
193
224
261
288
345
352
361
366
397
429
430
509
576
614
928
1028
1091
1250
1270
1289
1299
1307
1349
1362
1404
1437
1465
1597
1662
1676
1684
1836
1909
1923
1930
1964
1983
1989
2100
2116
2193
2233
2238
2291
2343
2396
2414
2421
2655
2710
2719
2721
2810
2822
2823
2855
2880
2946
2994
3014
3270
3313
3391
3495
3513
3519
3542
3643
3835
3844
3849
3899
3914
3953
4033
4045
4061
4078
4177
4184
4288
4293
4301
4308
4355
4376
4470
4471
4527
4636
4637
4691
4730
4767
4813
4824
4833
4856
4869
5071
5091
5093
5103
5200
5264
5295
5315
5331
5342
5365
5496
5551
5709
5759
5768
5780
5797
5837
5841
5911
5927
5963
6005
6015
6016
6044
6253
6297
6305
6394
6469
6523
6524
6639
6661
6677
6680
6690
6795
