user_id
3236
3497
3718
3809
3942
4276
4277
4411
4415
4439
4473
4563
4564
4607
4633
4712
4788
4794
4971
5001
5015
5233
5427
5492
5505
5616
5628
5657
5726
5735
5834
5893
5971
6017
6093
6133
6144
6148
6299
6339
6340
6466
6503
6554
6584
6681
6682
6758
6850
6883
38
139
424
444
777
794
803
970
1259
1413
1439
1502
1544
1703
1735
1755
1766
1853
1889
1890
2018
2076
2234
2272
2385
2413
2452
2706
2805
2845
2874
2875
2879
2962
2968
2974
3071
3102
3116
3318
3477
3478
3482
3486
3569
3599
4059
4122
4173
4253
4325
4372
4742
4832
4857
4917
4980
5348
5440
5473
5523
5543
5799
5842
5984
6018
6213
6242
6278
6326
6382
6402
6442
6468
6602
6628
6753
6829
21
25
58
65
173
184
211
268
367
369
374
407
483
589
706
808
833
879
903
918
930
1074
1193
1239
1347
1455
1516
1533
1554
1718
1757
1809
1842
1937
1996
2094
2156
2314
2322
2388
2405
2434
2457
2647
2669
2680
2769
2848
2865
2878
3068
3083
3412
3434
3474
3628
3726
3873
3909
3933
3948
4016
4046
4134
4145
4188
4256
4405
4454
4455
4570
4600
4603
4655
4685
4700
4902
4903
4916
4981
5041
5068
5138
5262
5272
5470
5537
5579
5617
5710
5755
5937
6194
6313
6430
6446
6464
6826
6857
14
182
215
267
443
458
530
567
585
636
640
694
757
857
974
994
1002
1004
1131
1318
1380
1381
1456
1508
1515
1603
1607
1745
1859
1974
1999
2005
2066
2078
2133
2153
2280
2296
2303
2320
2439
2588
2700
2732
2738
2761
2891
2900
2929
2944
2954
3081
3090
3160
3290
3342
3578
3708
3800
3822
3876
3985
4056
4094
4148
4163
4203
4286
4400
4402
4456
4459
4585
4628
4647
4689
4711
4747
4836
5154
5161
5195
5291
5356
5408
5665
5731
6013
6155
6170
6217
6354
6375
6393
6465
6730
6752
51
69
118
122
194
199
264
266
281
298
314
346
375
648
738
746
764
771
837
990
1062
1077
1107
1154
1224
1340
1355
1365
1419
1464
1528
1648
1682
1696
1795
2080
2115
2185
2269
2309
2327
2369
2380
2444
2456
2461
2559
2634
2839
2893
2918
3033
3101
3144
3200
3364
3365
3466
3499
3522
3552
3592
3673
3735
3765
3794
3840
3855
3890
3891
3927
3934
3947
4047
4052
4319
4321
4453
4501
4740
4768
4802
4846
4847
4887
4920
4955
4976
4999
5107
5297
5302
5340
5367
5555
5557
5580
5588
5622
5671
5826
5891
5917
5939
6034
6139
6185
6190
6196
6333
6342
6384
6425
6483
6518
6551
6573
6608
6658
6778
6818
81
108
127
243
320
347
461
475
586
740
774
847
891
912
997
1013
1042
1115
1190
1226
1231
1265
1379
1409
1652
1753
1803
2064
2142
2168
2265
2313
2336
2365
2375
2379
2402
2428
2524
2592
2625
2672
2696
2724
2898
2908
2915
2937
2952
2963
3023
3064
3094
3105
3108
3150
3225
3262
3300
3321
3345
3410
3530
3600
3620
3773
3802
3825
3833
3893
3912
4049
4086
4213
4267
4311
4333
4361
4379
4380
4443
4525
4625
4674
4733
4753
4763
4811
4812
4876
4892
5079
5143
5199
5208
5235
5241
5320
5358
5401
5461
5511
5599
5635
5646
5647
5802
5910
6061
6091
6156
6199
6352
6359
6415
6436
6455
6525
6526
6555
6561
6562
6601
6693
6727
6759
6782
6853
6859
6861
6881
185
205
219
235
302
335
400
409
465
657
703
734
800
927
967
1037
1053
1206
1217
1358
1406
1427
1584
1594
1614
1724
1769
1784
1813
1869
1926
1941
1985
2020
2081
2090
2135
2180
2196
2215
2386
2391
2443
2469
2497
2533
2565
2657
2668
2722
2766
2798
2821
2896
2924
2948
3006
3020
3028
3061
3119
3143
3147
3152
3161
3167
3168
3231
3349
3354
3369
3399
3442
3463
3487
3516
3523
3580
3738
3798
3824
3846
3883
3972
4039
4168
4195
4235
4258
4350
4395
4396
4421
4429
4478
4486
4575
4610
4624
4791
4830
4868
4908
4941
4957
5018
5040
5065
5081
5130
5163
5174
5238
5244
5268
5299
5364
5371
5452
5469
5494
5514
5561
5594
5712
5741
5771
5773
5785
5847
5872
5900
5983
6010
6268
6327
6329
6343
6357
6441
6463
6556
6663
6701
6713
6771
6779
6808
6872
16
43
107
150
175
203
238
249
252
270
322
328
331
365
368
391
415
455
537
581
603
630
664
712
728
731
773
789
830
832
887
923
936
999
1014
1070
1080
1083
1099
1105
1159
1164
1191
1218
1267
1312
1319
1331
1357
1372
1387
1399
1448
1468
1498
1503
1513
1577
1593
1617
1644
1717
1762
1770
1799
1835
1850
1897
1906
1913
1992
2023
2067
2104
2161
2175
2187
2198
2245
2318
2374
2382
2393
2589
2604
2671
2723
2770
2774
2819
2907
2950
3022
3025
3067
3076
3131
3203
3237
3284
3328
3389
3401
3407
3485
3492
3506
3515
3579
3607
3608
3629
3661
3716
3733
3761
3766
3811
3815
3832
3870
3902
3903
3946
4019
4080
4081
4085
4088
4146
4162
4259
4289
4312
4438
4497
4530
4578
4595
4598
4649
4669
4676
4692
4694
4724
4744
4889
4928
4973
4997
5027
5045
5059
5096
5151
5176
5256
5267
5289
5333
5430
5458
5483
5485
5504
5545
5546
5570
5669
5754
5815
5906
5922
5940
5941
5991
6012
6023
6036
6067
6080
6098
6115
6120
6136
6182
6197
6270
6353
6358
6366
6480
6609
6611
6741
6747
6766
6788
6798
6800
6804
6860
6884
102
230
280
289
303
309
373
388
442
495
502
503
504
518
522
540
582
596
598
758
846
873
874
948
977
1055
1124
1147
1186
1290
1317
1337
1368
1407
1412
1425
1430
1436
1475
1512
1570
1586
1587
1606
1661
1686
1715
1720
1722
1744
1764
1779
1789
1796
1802
1825
1857
1891
1894
1965
2001
2043
2051
2068
2103
2117
2218
2247
2252
2261
2266
2268
2301
2329
2354
2370
2449
2482
2508
2544
2572
2609
2627
2658
2665
2674
2733
2741
2765
2775
2796
2806
2844
2854
2884
2905
2972
2977
3000
3005
3010
3046
3052
3053
3072
3125
3126
3166
3179
3182
3192
3199
3226
3289
3324
3384
3394
3397
3430
3443
3451
3452
3544
3666
3672
3694
3695
3714
3719
3787
3888
3897
3977
3986
4024
4028
4041
4105
4117
4147
4149
4192
4281
4305
4314
4344
4390
4427
4449
4477
4506
4518
4529
4535
4541
4574
4579
4614
4626
4660
4684
4688
4701
4719
4743
4750
4760
4776
4879
4885
4905
4946
4986
5003
5005
5016
5023
5031
5061
5067
5097
5104
5117
5135
5155
5215
5236
5257
5275
5279
5286
5313
5338
5352
5400
5411
5412
5418
5500
5556
5572
5730
5736
5753
5756
5790
5800
5817
5819
5820
5822
5845
5892
5894
5904
5958
5993
6006
6007
6021
6046
6066
6070
6152
6160
6189
6203
6246
6254
6258
6291
6292
6300
6351
6398
6504
6507
6535
6538
6546
6587
6603
6702
6705
6715
6765
6773
6792
6835
6882
54
83
168
237
240
255
258
290
348
354
358
404
411
447
454
467
492
516
535
543
544
554
559
579
593
613
619
632
643
665
693
705
719
755
782
792
805
848
865
901
905
906
961
975
988
1007
1075
1096
1142
1148
1188
1195
1197
1200
1211
1232
1234
1255
1258
1275
1291
1328
1344
1353
1452
1467
1487
1523
1538
1540
1567
1571
1575
1588
1613
1634
1636
1646
1655
1691
1726
1747
1804
1820
1843
1847
1863
1886
1904
1947
1953
1970
1978
1995
2112
2145
2155
2157
2251
2324
2331
2359
2372
2410
2454
2474
2518
2520
2522
2536
2539
2562
2563
2599
2603
2615
2638
2701
2744
2764
2787
2813
2831
2894
2910
2917
2939
3013
3021
3086
3115
3163
3183
3248
3309
3359
3385
3417
3418
3454
3494
3524
3574
3577
3618
3627
3631
3636
3646
3698
3754
3836
3860
3906
3918
3952
3955
3974
3975
3989
3999
4007
4095
4096
4112
4123
4157
4187
4206
4331
4434
4484
4513
4571
4642
4663
4695
4704
4769
4797
4801
4818
4827
4919
4931
4952
5002
5014
5029
5066
5090
5139
5162
5177
5184
5202
5245
5258
5303
5307
5316
5330
5353
5383
5395
5404
5420
5426
5433
5490
5498
5531
5536
5550
5567
5585
5606
5634
5668
5692
5835
5839
5855
5856
5867
5875
5903
5923
5932
5933
5953
5992
6026
6028
6042
6062
6137
6162
6172
6173
6175
6176
6183
6184
6215
6231
6282
6306
6330
6361
6365
6380
6416
6502
6515
6517
6593
6599
6618
6657
6703
6785
6811
6819
6824
6841
6852
6858
6871
40
59
63
67
79
114
132
137
196
209
213
221
236
251
282
336
351
383
396
416
425
431
441
481
496
497
525
551
578
594
605
620
623
645
663
683
718
720
748
751
761
775
823
831
852
902
917
931
933
969
972
973
979
1015
1026
1057
1065
1069
1093
1136
1138
1149
1165
1180
1236
1262
1269
1281
1286
1308
1321
1367
1397
1460
1473
1517
1545
1551
1592
1610
1615
1628
1630
1687
1723
1727
1740
1752
1781
1791
1798
1844
1849
1881
1910
1922
1936
1946
1955
1976
2009
2025
2035
2049
2055
2105
2134
2154
2163
2182
2184
2202
2206
2210
2213
2216
2231
2236
2248
2258
2259
2260
2270
2321
2326
2340
2346
2364
2381
2472
2502
2510
2534
2540
2560
2570
2577
2590
2612
2651
2681
2682
2711
2760
2771
2809
2818
2838
2856
2857
2868
2881
2882
2885
2897
2899
2903
2927
2942
2953
3015
3042
3050
3074
3088
3111
3134
3177
3178
3201
3249
3250
3252
3257
3292
3317
3319
3331
3333
3347
3358
3372
3378
3380
3459
3520
3525
3529
3538
3558
3605
3634
3678
3679
3684
3692
3706
3712
3713
3769
3776
3785
3843
3858
3877
3879
3881
3896
3943
3971
4017
4058
4079
4131
4151
4172
4176
4179
4209
4251
4252
4271
4282
4330
4335
4339
4340
4364
4368
4377
4432
4446
4450
4451
4452
4495
4496
4499
4557
4596
4597
4615
4617
4621
4622
4639
4671
4727
4756
4786
4796
4810
4815
4821
4825
4858
4875
4880
4882
4888
4918
4924
4944
4945
4963
4985
5021
5028
5043
5052
5070
5164
5169
5170
5183
5187
5193
5227
5229
5237
5251
5300
5314
5319
5354
5355
5373
5384
5434
5446
5453
5467
5488
5515
5524
5525
5584
5621
5625
5688
5711
5722
5761
5779
5786
5801
5846
5852
5888
5947
5950
5998
5999
6038
6076
6085
6089
6100
6157
6171
6179
6180
6193
6205
6229
6261
6281
6302
6307
6331
6337
6345
6390
6412
6413
6433
6438
6439
6460
6479
6492
6497
6528
6542
6567
6569
6585
6592
6598
6617
6619
6644
6665
6668
6674
6683
6706
6723
6793
6799
6814
6815
6839
6865
6866
6874
6
46
49
56
64
66
78
80
103
104
141
154
159
163
192
198
216
226
229
244
274
284
311
342
392
393
394
399
414
453
508
514
528
541
577
610
631
635
685
730
753
767
769
779
799
814
819
821
840
841
844
850
855
870
875
878
893
910
920
924
925
939
943
944
947
951
1010
1035
1040
1064
1073
1076
1082
1094
1118
1130
1133
1140
1150
1161
1174
1176
1182
1196
1215
1244
1280
1285
1288
1294
1302
1313
1339
1341
1350
1354
1356
1366
1370
1393
1447
1483
1496
1499
1506
1518
1535
1548
1589
1591
1632
1641
1653
1678
1690
1693
1701
1706
1707
1712
1737
1746
1758
1759
1763
1778
1783
1790
1808
1816
1846
1848
1928
1956
1968
1988
1990
1991
2003
2019
2037
2060
2070
2075
2125
2136
2150
2171
2209
2224
2225
2246
2264
2278
2279
2305
2334
2357
2366
2394
2397
2407
2411
2415
2425
2426
2448
2475
2496
2515
2521
2526
2551
2561
2591
2598
2605
2606
2607
2614
2618
2626
2630
2641
2643
2645
2650
2666
2678
2688
2714
2715
2727
2747
2758
2772
2783
2786
2814
2835
2842
2860
2861
2871
2887
2890
2916
2938
2945
2959
2960
2975
2985
2986
3007
3008
3031
3059
3062
3139
3172
3174
3176
3181
3197
3204
3208
3218
3230
3255
3320
3323
3340
3368
3375
3405
3415
3422
3425
3437
3441
3464
3467
3508
3512
3548
3563
3652
3654
3655
3660
3662
3724
3730
3757
3791
3810
3812
3830
3837
3839
3841
3845
3859
3872
3874
3889
3892
3898
3923
3939
3945
3987
3998
4018
4023
4027
4029
4032
4037
4038
4089
4106
4113
4121
4127
4128
4159
4171
4181
4198
4216
4225
4237
4248
4250
4255
4284
4290
4291
4297
4322
4336
4338
4351
4357
4360
4365
4370
4381
4384
4388
4392
4406
4430
4442
4447
4467
4492
4515
4526
4532
4554
4562
4616
4620
4627
4630
4635
4656
4657
4690
4722
4732
4736
4758
4773
4789
4799
4809
4826
4828
4850
4930
4937
4954
4956
4960
4982
4989
5012
5035
5048
5072
5088
5095
5108
5109
5114
5120
5147
5150
5156
5182
5240
5248
5274
5283
5284
5287
5293
5311
5317
5318
5322
5328
5332
5349
5359
5407
5417
5442
5459
5464
5465
5497
5503
5522
5565
5577
5586
5659
5660
5673
5689
5698
5700
5721
5728
5732
5745
5747
5748
5767
5784
5789
5803
5806
5813
5814
5824
5877
5879
5886
5896
5912
5929
5962
5997
6011
6020
6029
6043
6050
6054
6074
6079
6096
6125
6142
6159
6164
6167
6201
6209
6256
6262
6265
6279
6283
6311
6324
6341
6348
6374
6396
6422
6434
6437
6458
6488
6493
6501
6510
6511
6534
6649
6651
6666
6675
6678
6684
6717
6719
6735
6738
6746
6784
6807
6812
6821
6842
6844
6849
6856
6870
6875
2
8
9
10
27
32
34
57
72
74
82
84
91
128
130
160
161
172
174
177
187
189
208
265
273
279
283
295
300
315
332
337
340
350
359
371
372
380
402
405
420
432
460
464
484
487
499
511
548
550
564
572
580
595
597
599
601
607
618
642
651
668
670
673
681
684
689
710
724
726
743
754
759
762
795
809
816
818
822
860
863
868
880
909
940
952
958
959
982
984
998
1000
1001
1020
1021
1032
1056
1078
1085
1089
1103
1109
1110
1119
1121
1123
1125
1127
1143
1151
1172
1177
1187
1189
1192
1201
1208
1213
1216
1230
1233
1241
1264
1276
1278
1282
1296
1309
1343
1378
1396
1398
1410
1417
1418
1424
1429
1431
1433
1443
1450
1479
1485
1497
1501
1511
1520
1526
1530
1534
1536
1549
1566
1572
1574
1576
1583
1590
1602
1611
1620
1623
1626
1635
1642
1643
1649
1651
1671
1702
1704
1711
1731
1742
1743
1748
1767
1773
1774
1776
1786
1787
1793
1801
1833
1834
1837
1838
1845
1852
1860
1872
1879
1885
1895
1924
1925
1929
1944
1957
1962
1963
1967
2006
2038
2045
2048
2062
2084
2091
2093
2106
2113
2121
2130
2138
2139
2146
2152
2162
2170
2173
2237
2250
2254
2257
2273
2282
2290
2306
2316
2341
2342
2345
2351
2356
2358
2360
2367
2368
2371
2403
2408
2409
2416
2424
2429
2437
2441
2442
2445
2447
2450
2462
2467
2477
2487
2498
2542
2554
2557
2575
2576
2578
2584
2586
2596
2619
2621
2639
2661
2670
2677
2685
2686
2687
2698
2712
2716
2726
2728
2750
2773
2792
2808
2815
2817
2826
2828
2846
2859
2906
2914
2919
2921
2922
2926
2933
2958
2965
2978
2988
2989
2997
3002
3009
3016
3018
3027
3034
3039
3041
3049
3051
3060
3065
3106
3122
3132
3135
3137
3148
3162
3175
3190
3194
3196
3210
3222
3240
3251
3253
3259
3261
3265
3266
3275
3277
3287
3294
3298
3302
3308
3325
3327
3334
3341
3348
3356
3367
3371
3376
3379
3404
3413
3432
3444
3446
3455
3458
3461
3505
3518
3531
3534
3540
3555
3557
3568
3594
3598
3601
3604
3613
3619
3650
3651
3656
3668
3669
3676
3690
3699
3705
3710
3731
3732
3734
3741
3743
3745
3747
3752
3753
3768
3772
3781
3784
3804
3818
3847
3850
3863
3869
3882
3904
3907
3908
3915
3929
3931
3941
3954
3978
3990
3991
4004
4008
4020
4055
4057
4060
4077
4083
4097
4101
4104
4109
4124
4141
4165
4166
4169
4170
4182
4190
4194
4204
4210
4217
4219
4227
4243
4260
4295
4313
4326
4328
4334
4347
4348
4362
4391
4394
4410
4419
4431
4436
4458
4461
4466
4494
4503
4504
4505
4508
4517
4523
4528
4561
4569
4573
4583
4586
4589
4601
4604
4623
4641
4661
4665
4667
4668
4672
4679
4681
4702
4705
4706
4715
4725
4728
4731
4739
4759
4764
4778
4784
4785
4806
4834
4835
4838
4841
4849
4851
4864
4865
4913
4925
4935
4949
4972
4975
4992
4993
5006
5007
5008
5017
5039
5051
5089
5094
5110
5115
5126
5134
5136
5159
5167
5179
5198
5213
5217
5221
5225
5242
5247
5252
5271
5278
5308
5326
5341
5357
5370
5379
5382
5392
5398
5409
5425
5438
5441
5444
5456
5480
5482
5491
5493
5506
5509
5554
5558
5559
5564
5575
5581
5587
5593
5612
5613
5631
5674
5679
5683
5701
5708
5718
5719
5725
5739
5746
5823
5825
5828
5844
5849
5862
5885
5895
5897
5930
5935
5960
5989
6003
6014
6024
6048
6053
6058
6069
6072
6078
6097
6107
6113
6123
6130
6147
6161
6168
6169
6174
6177
6191
6192
6218
6223
6237
6243
6248
6257
6259
6260
6266
6267
6273
6277
6286
6304
6308
6309
6321
6322
6328
6349
6395
6399
6400
6407
6424
6429
6448
6472
6521
6527
6540
6541
6559
6578
6589
6591
6595
6604
6606
6607
6614
6624
6625
6627
6635
6653
6656
6660
6667
6676
6721
6725
6728
6732
6733
6749
6768
6772
6783
6789
6796
6845
6873
6876
0
11
26
33
35
39
42
47
52
75
87
93
95
100
121
124
125
129
131
133
134
135
140
146
149
162
190
195
234
247
259
285
286
292
293
297
299
305
316
319
341
357
363
377
378
381
384
385
403
419
428
445
450
466
469
480
490
500
506
507
510
512
515
520
523
526
538
547
565
566
571
575
590
609
611
621
625
626
633
634
639
658
660
680
695
702
709
711
717
721
723
739
763
802
817
820
838
843
853
858
872
876
881
883
884
889
894
897
899
934
937
942
953
964
965
976
993
996
1006
1012
1027
1031
1033
1046
1050
1051
1052
1068
1072
1081
1090
1098
1100
1104
1106
1113
1137
1139
1158
1162
1183
1194
1203
1207
1222
1240
1246
1254
1273
1292
1298
1300
1301
1303
1310
1324
1336
1345
1359
1369
1377
1383
1388
1403
1405
1420
1428
1440
1444
1449
1458
1462
1463
1472
1476
1478
1481
1484
1507
1522
1532
1547
1557
1569
1582
1601
1608
1618
1622
1624
1629
1637
1659
1660
1663
1673
1699
1700
1729
1733
1734
1738
1768
1775
1788
1794
1797
1811
1815
1826
1831
1855
1870
1871
1876
1878
1888
1917
1933
1935
1938
1939
1943
1949
1951
1952
1982
1984
1987
2007
2013
2024
2034
2046
2054
2085
2089
2101
2102
2123
2128
2147
2159
2164
2178
2186
2190
2197
2204
2207
2211
2226
2229
2232
2239
2240
2241
2243
2249
2262
2284
2286
2292
2298
2304
2335
2337
2338
2350
2352
2362
2373
2412
2420
2430
2433
2453
2460
2478
2491
2493
2495
2511
2513
2514
2516
2527
2545
2546
2548
2579
2616
2617
2629
2652
2659
2663
2675
2676
2695
2704
2718
2730
2742
2755
2779
2785
2791
2799
2802
2824
2833
2836
2849
2858
2867
2886
2889
2904
2913
2935
2941
2956
2966
2967
2973
2996
2999
3026
3035
3063
3066
3073
3079
3092
3095
3097
3107
3118
3127
3130
3138
3145
3146
3154
3180
3186
3209
3212
3229
3241
3245
3268
3269
3285
3286
3291
3303
3305
3329
3346
3353
3355
3362
3374
3403
3406
3408
3409
3420
3421
3426
3439
3445
3448
3449
3462
3465
3476
3488
3491
3493
3503
3511
3526
3527
3554
3561
3572
3573
3575
3582
3589
3591
3595
3603
3610
3615
3633
3641
3642
3664
3674
3682
3687
3701
3703
3711
3715
3748
3750
3755
3758
3762
3771
3777
3786
3792
3793
3803
3806
3813
3823
3856
3864
3885
3924
3928
3940
3950
3956
3973
3981
3994
4000
4002
4021
4030
4036
4048
4065
4066
4067
4082
4087
4099
4114
4115
4120
4138
4139
4140
4153
4154
4155
4186
4193
4200
4201
4205
4232
4233
4239
4246
4257
4269
4273
4285
4300
4317
4320
4324
4327
4329
4345
4346
4358
4363
4366
4371
4412
4413
4414
4422
4444
4457
4463
4481
4489
4510
4531
4539
4551
4552
4565
4580
4582
4584
4587
4588
4599
4613
4631
4644
4650
4654
4666
4673
4682
4693
4699
4713
4720
4734
4754
4777
4780
4790
4803
4807
4816
4823
4829
4855
4863
4872
4884
4891
4896
4899
4904
4911
4914
4915
4932
4940
4948
4962
4964
4968
4987
4988
4998
5000
5004
5020
5032
5033
5046
5049
5054
5062
5074
5080
5083
5086
5124
5131
5140
5144
5157
5166
5172
5175
5185
5188
5201
5204
5209
5224
5231
5259
5265
5281
5296
5301
5312
5323
5324
5335
5339
5366
5380
5396
5397
5405
5406
5429
5435
5437
5445
5450
5468
5486
5495
5507
5510
5516
5518
5530
5533
5534
5562
5568
5582
5600
5604
5618
5624
5627
5641
5644
5655
5661
5664
5687
5693
5694
5695
5697
5703
5738
5742
5750
5752
5765
5777
5778
5792
5808
5816
5831
5850
5853
5865
5871
5874
5876
5902
5921
5943
5949
5951
5954
5956
5959
5966
5972
5974
5980
5985
5994
5995
6000
6004
6009
6019
6022
6030
6032
6033
6055
6068
6073
6077
6083
6086
6087
6101
6105
6110
6111
6119
6127
6132
6145
6154
6163
6165
6210
6211
6219
6224
6227
6238
6245
6249
6272
6280
6288
6294
6296
6303
6319
6323
6334
6367
6379
6383
6387
6404
6405
6411
6414
6419
6423
6432
6449
6451
6452
6473
6475
6477
6487
6495
6496
6498
6514
6519
6522
6531
6532
6537
6539
6548
6571
6596
6613
6615
6634
6647
6688
6691
6695
6710
6711
6724
6726
6729
6755
6756
6777
6781
6791
6801
6813
6817
6830
6832
6834
6851
6855
6862
6864
6878
1
3
7
20
22
23
24
28
48
62
68
71
73
88
89
105
109
112
113
123
142
152
153
169
178
186
227
242
253
269
272
276
277
296
310
312
318
321
326
338
339
356
362
382
401
417
435
436
457
462
463
478
479
482
494
501
529
536
545
546
552
558
560
570
573
604
606
624
628
629
644
661
679
697
700
707
708
722
732
741
745
747
750
776
781
786
796
804
806
824
829
856
859
862
867
877
886
888
896
904
915
935
938
966
968
983
985
1025
1029
1030
1041
1054
1058
1112
1120
1129
1132
1135
1145
1160
1166
1167
1168
1198
1220
1225
1235
1237
1238
1245
1253
1279
1283
1284
1305
1320
1327
1330
1338
1346
1360
1361
1363
1382
1385
1386
1390
1391
1408
1422
1434
1445
1446
1451
1453
1457
1459
1461
1493
1494
1500
1509
1527
1537
1543
1550
1552
1555
1579
1600
1604
1605
1609
1612
1619
1621
1627
1631
1633
1640
1647
1656
1667
1672
1674
1675
1694
1698
1709
1716
1725
1732
1739
1754
1756
1765
1780
1807
1812
1817
1818
1819
1824
1829
1832
1840
1841
1868
1898
1900
1903
1908
1912
1919
1950
1971
1975
1979
1980
1997
2000
2039
2041
2042
2059
2072
2073
2082
2087
2092
2098
2108
2111
2122
2124
2127
2129
2166
2176
2194
2195
2217
2222
2223
2227
2242
2253
2255
2256
2267
2271
2276
2293
2294
2297
2312
2332
2347
2349
2361
2376
2383
2392
2422
2431
2458
2465
2471
2480
2483
2486
2488
2490
2492
2499
2505
2506
2507
2512
2528
2531
2532
2541
2543
2547
2550
2564
2567
2574
2595
2597
2622
2624
2628
2642
2646
2692
2705
2707
2713
2717
2731
2736
2737
2767
2778
2784
2789
2807
2825
2830
2840
2843
2852
2863
2869
2873
2892
2895
2909
2912
2930
2940
2943
2951
2955
2957
2971
2976
2980
2983
2984
2987
2993
3004
3012
3024
3030
3045
3054
3057
3070
3075
3085
3093
3096
3098
3100
3103
3121
3129
3133
3140
3142
3151
3169
3173
3189
3191
3213
3219
3223
3227
3254
3256
3260
3263
3267
3276
3295
3296
3312
3322
3326
3332
3335
3338
3339
3352
3363
3383
3398
3428
3447
3457
3460
3468
3472
3481
3483
3501
3510
3521
3532
3539
3549
3556
3566
3571
3581
3588
3593
3596
