user_id
7
80
112
131
148
149
162
184
189
190
196
201
233
236
238
274
285
293
313
373
389
427
454
489
597
600
618
635
652
657
680
683
689
692
722
749
756
761
775
816
819
841
854
872
880
882
921
955
958
961
1025
1028
1049
1093
1100
1112
1120
1171
1210
1215
1220
1221
1272
1279
1295
1305
1363
1450
1452
1498
1524
1529
1554
1594
1608
1620
1624
1627
1689
1735
1741
1745
1778
1789
1798
1799
1834
1841
1846
1869
1871
1876
1885
1909
1917
1919
1948
1953
1959
1966
1992
2010
2022
2065
2104
2125
2132
2190
2199
2227
2251
2253
2256
2296
2307
2318
2324
2329
2348
2351
2356
2375
2383
2393
2401
2420
2421
2427
2476
2488
2510
2517
2534
2541
2593
2600
2634
2641
2644
2650
2655
2740
2762
2782
2798
2807
2817
2834
2847
2861
2871
2879
2891
2904
2912
2918
2941
2942
2954
2963
3010
3078
3084
3087
3102
3111
3116
3144
3150
3160
3161
3164
3185
3189
3217
3225
3252
3254
3284
3286
3302
3307
3337
3364
3382
3394
3410
3420
3449
3490
3523
3554
3569
3618
3633
3637
3645
3650
3675
3678
3737
3762
3770
3773
3778
3799
3800
3808
3817
3824
3866
3925
3985
3994
4038
4078
4092
4108
4114
4117
4123
4134
4137
4156
4172
4202
4203
4233
4238
4241
4242
4290
4292
4296
4348
4355
4367
4418
4422
4431
4434
4444
4477
4486
4498
4504
4574
4597
4628
4641
4659
4716
4742
4744
4765
4778
4783
4807
4823
4850
4913
4935
4964
4978
4986
4987
4988
5017
5037
5052
5061
5074
5091
5093
5108
5118
5129
5140
5141
5146
5147
5149
5154
5160
5162
5167
5187
5199
5216
5218
5224
5230
5248
5252
5256
5269
5295
5297
5325
5337
5364
5367
5386
5388
5398
5404
5413
5423
5448
5477
5494
5495
5506
5526
5556
5562
5566
5568
5573
5644
5648
5670
5675
5695
5714
5723
5747
5772
5817
5824
5826
5839
5840
5855
5883
5901
5917
5962
5971
5995
6013
6014
6049
6063
6064
6092
6109
6131
6165
6170
6183
6207
6218
6226
6237
6241
6252
6275
6294
6295
6299
6337
6355
