user_id
0
1
2
4
5
6
8
9
11
12
13
14
15
16
17
18
19
20
21
22
23
28
29
30
31
33
34
37
38
39
41
43
44
45
46
49
50
51
52
54
56
57
58
59
60
62
63
64
65
66
67
70
71
72
76
77
78
79
81
83
84
85
86
88
89
90
96
97
98
103
104
105
106
107
109
111
113
114
115
116
117
118
119
120
121
122
123
124
125
126
127
132
133
134
135
136
138
140
143
144
145
147
150
151
152
153
154
155
156
157
159
161
163
165
167
168
169
170
171
172
173
175
176
177
178
179
185
186
187
191
192
193
194
197
198
199
200
202
204
205
206
207
209
210
212
213
214
215
216
218
219
220
222
223
224
229
230
231
232
234
237
239
240
241
243
245
246
249
251
253
254
255
256
257
258
261
262
263
264
267
268
269
270
271
272
273
275
276
277
278
279
280
281
283
286
287
288
289
290
291
292
294
295
297
299
300
301
302
303
305
306
307
308
309
310
312
315
317
319
320
321
322
323
324
326
329
331
332
333
334
335
336
337
339
340
341
343
344
345
346
348
349
350
352
354
355
356
357
359
360
361
362
363
364
365
366
368
369
372
374
375
376
379
381
382
383
385
387
388
390
393
394
395
396
397
398
399
400
402
403
404
406
407
408
409
410
411
413
414
415
417
419
421
423
424
425
426
428
429
430
431
432
433
437
438
439
440
441
442
444
446
447
448
449
450
451
456
457
458
459
464
466
470
471
472
473
474
475
477
479
480
481
483
484
485
486
487
490
491
492
494
495
496
497
498
499
500
504
505
506
507
508
511
512
515
516
517
519
520
521
523
525
526
527
528
531
532
533
534
535
536
538
539
540
541
542
544
545
547
548
549
550
551
553
554
555
557
558
562
564
566
568
570
571
573
574
575
578
579
580
581
582
583
584
586
587
588
589
590
591
592
593
594
595
596
598
601
605
607
608
609
610
612
613
614
615
616
617
620
622
623
624
625
627
628
630
632
633
636
638
639
640
641
642
643
644
645
646
647
648
649
650
653
654
655
656
658
659
660
662
663
664
669
670
671
672
674
675
676
677
678
679
681
682
686
687
688
690
693
694
695
696
697
698
699
700
701
702
703
704
707
709
710
713
714
715
716
717
718
719
723
724
725
726
727
728
729
730
731
732
733
735
736
737
738
739
740
743
745
746
747
748
750
754
758
759
760
763
764
765
768
769
771
772
773
774
776
777
779
781
783
784
785
786
788
789
790
792
793
795
796
797
798
799
800
801
802
803
804
805
806
807
809
811
812
814
815
817
818
820
821
823
824
825
827
828
830
831
834
835
837
839
840
842
843
844
846
848
850
852
853
855
856
857
858
861
862
863
865
868
869
870
873
874
875
876
877
878
879
881
883
884
885
887
888
890
891
892
893
894
896
898
899
901
902
904
905
906
907
908
909
910
911
912
913
914
915
917
918
919
922
924
925
926
927
928
929
930
933
934
936
937
938
939
940
943
944
945
946
947
948
949
950
951
952
953
954
957
959
960
962
963
964
965
967
968
969
970
971
972
973
976
977
978
979
981
984
985
987
989
990
992
993
995
996
998
999
1000
1001
1002
1003
1004
1006
1007
1009
1010
1011
1012
1013
1014
1015
1017
1019
1020
1022
1024
1026
1027
1029
1031
1032
1033
1034
1035
1036
1037
1038
1039
1040
1041
1043
1044
1045
1046
1050
1051
1052
1053
1054
1055
1058
1059
1060
1061
1063
1064
1065
1066
1068
1069
1071
1072
1073
1074
1075
1076
1077
1078
1079
1081
1082
1083
1084
1085
1087
1088
1089
1090
1092
1094
1095
1096
1098
1099
1101
1102
1103
1105
1106
1107
1109
1110
1111
1113
1115
1117
1119
1122
1124
1125
1127
1128
1130
1131
1134
1135
1136
1137
1139
1140
1142
1144
1145
1147
1152
1154
1156
1157
1158
1160
1161
1162
1163
1164
1165
1167
1169
1170
1172
1173
1174
1175
1176
1179
1180
1182
1183
1185
1187
1188
1189
1190
1191
1194
1195
1197
1199
1200
1201
1204
1206
1207
1209
1212
1214
1216
1217
1218
1219
1224
1227
1229
1230
1233
1234
1236
1238
1239
1240
1243
1244
1245
1246
1247
1248
1250
1252
1253
1254
1255
1256
1258
1259
1260
1261
1263
1264
1265
1267
1269
1273
1274
1275
1277
1278
1282
1283
1285
1286
1289
1290
1291
1293
1297
1298
1299
1300
1302
1303
1306
1307
1308
1309
1310
1313
1314
1315
1316
1318
1319
1320
1322
1323
1324
1325
1326
1328
1330
1331
1332
1334
1335
1336
1337
1338
1340
1341
1342
1343
1345
1346
1347
1348
1349
1350
1352
1353
1354
1355
1356
1357
1359
1360
1364
1366
1368
1370
1371
1372
1373
1374
1375
1378
1379
1380
1382
1383
1384
1385
1387
1388
1389
1390
1391
1392
1393
1395
1396
1398
1400
1401
1403
1404
1405
1406
1409
1410
1412
1413
1416
1417
1419
1421
1422
1423
1425
1426
1427
1428
1430
1431
1433
1436
1437
1438
1440
1441
1443
1446
1447
1448
1449
1451
1454
1456
1457
1458
1459
1461
1462
1463
1467
1468
1471
1472
1473
1475
1477
1478
1479
1481
1482
1484
1485
1486
1487
1488
1489
1490
1492
1494
1495
1496
1497
1500
1501
1502
1503
1504
1506
1507
1508
1510
1514
1515
1516
1517
1518
1519
1520
1522
1523
1525
1526
1527
1530
1531
1533
1534
1535
1536
1539
1540
1541
1542
1543
1544
1545
1546
1547
1552
1553
1555
1556
1557
1558
1562
1564
1565
1566
1568
1569
1570
1571
1572
1573
1574
1575
1577
1578
1579
1580
1583
1584
1585
1586
1588
1591
1596
1597
1598
1600
1602
1603
1604
1605
1606
1609
1613
1614
1615
1616
1617
1618
1619
1621
1622
1625
1629
1630
1631
1632
1634
1635
1636
1637
1638
1639
1640
1643
1645
1646
1649
1650
1651
1653
1654
1655
1656
1657
1658
1660
1661
1662
1663
1664
1665
1666
1667
1669
1671
1672
1673
1674
1675
1677
1678
1682
1684
1685
1687
1690
1691
1692
1696
1697
1698
1700
1702
1703
1705
1706
1707
1708
1709
1710
1711
1713
1715
1716
1717
1718
1719
1722
1723
1725
1726
1728
1729
1730
1731
1732
1733
1734
1737
1740
1744
1746
1748
1751
1754
1755
1756
1757
1759
1762
1763
1764
1766
1767
1768
1769
1772
1773
1774
1775
1777
1779
1780
1781
1782
1783
1784
1786
1788
1790
1791
1792
1793
1794
1795
1796
1797
1800
1802
1804
1805
1806
1807
1808
1809
1812
1813
1814
1815
1817
1818
1819
1820
1821
1822
1824
1826
1827
1828
1829
1830
1831
1832
1833
1836
1837
1839
1840
1842
1843
1844
1845
1847
1848
1849
1850
1851
1852
1854
1857
1859
1861
1863
1864
1866
1867
1868
1870
1872
1873
1877
1878
1879
1880
1882
1883
1887
1888
1889
1890
1891
1892
1893
1894
1896
1898
1899
1900
1901
1902
1903
1904
1905
1906
1907
1908
1910
1911
1912
1915
1916
1920
1921
1922
1923
1925
1926
1927
1928
1929
1932
1934
1935
1937
1939
1940
1941
1942
1945
1946
1947
1949
1950
1952
1954
1955
1956
1957
1958
1960
1961
1962
1963
1965
1968
1970
1973
1974
1975
1976
1977
1979
1981
1982
1983
1984
1985
1986
1987
1988
1989
1990
1991
1993
1994
1996
1998
2000
2003
2004
2006
2007
2009
2011
2012
2013
2014
2016
2017
2018
2019
2026
2027
2029
2030
2032
2033
2034
2036
2037
2038
2039
2040
2041
2043
2044
2045
2047
2048
2051
2052
2053
2055
2056
2057
2058
2059
2060
2066
2068
2071
2073
2074
2075
2076
2077
2078
2081
2082
2084
2085
2086
2088
2089
2090
2091
2092
2093
2096
2098
2100
2101
2102
2103
2108
2109
2110
2111
2113
2114
2115
2116
2118
2119
2120
2121
2124
2127
2128
2129
2131
2133
2135
2136
2137
2138
2139
2140
2141
2143
2144
2145
2147
2148
2149
2150
2151
2152
2154
2155
2156
2157
2158
2160
2161
2164
2165
2167
2170
2172
2174
2175
2177
2178
2179
2180
2182
2183
2184
2185
2187
2192
2193
2194
2195
2196
2197
2198
2201
2203
2204
2205
2207
2209
2210
2211
2212
2213
2214
2216
2217
2218
2219
2222
2223
2224
2228
2229
2230
2231
2233
2234
2235
2236
2238
2241
2243
2244
2246
2248
2254
2255
2257
2259
2260
2261
2262
2263
2264
2265
2266
2267
2268
2269
2270
2271
2272
2273
2274
2277
2278
2283
2284
2286
2287
2289
2290
2293
2295
2297
2298
2300
2301
2304
2305
2306
2308
2309
2310
2311
2312
2313
2314
2315
2316
2319
2320
2321
2322
2323
2326
2328
2330
2331
2332
2333
2334
2335
2336
2337
2340
2343
2345
2346
2347
2349
2350
2353
2355
2357
2358
2359
2360
2362
2363
2364
2365
2366
2367
2368
2369
2370
2372
2374
2378
2379
2380
2382
2384
2386
2387
2389
2390
2391
2394
2395
2396
2399
2400
2404
2405
2406
2409
2410
2412
2413
2414
2415
2416
2417
2419
2422
2423
2424
2425
2426
2428
2429
2431
2433
2434
2435
2436
2438
2439
2440
2442
2443
2444
2445
2447
2448
2449
2451
2452
2454
2456
2457
2458
2460
2461
2463
2464
2466
2467
2468
2470
2471
2473
2475
2478
2481
2482
2483
2485
2486
2487
2489
2491
2492
2493
2494
2495
2496
2497
2498
2499
2500
2501
2502
2503
2506
2507
2508
2509
2511
2512
2514
2515
2520
2521
2522
2523
2524
2525
2526
2527
2528
2529
2532
2535
2536
2537
2538
2539
2542
2543
2546
2547
2549
2550
2551
2553
2555
2556
2558
2559
2560
2565
2567
2568
2569
2570
2571
2572
2573
2574
2575
2576
2577
2580
2581
2582
2584
2585
2586
2588
2590
2592
2594
2595
2597
2599
2601
2602
2603
2604
2605
2607
2608
2609
2613
2614
2615
2616
2618
2620
2621
2622
2623
2624
2625
2626
2627
2631
2632
2633
2636
2637
2638
2639
2640
2642
2645
2647
2648
2649
2652
2653
2654
2656
2658
2659
2660
2661
2662
2663
2664
2665
2666
2667
2668
2669
2671
2672
2673
2674
2675
2676
2677
2678
2679
2680
2681
2682
2683
2684
2687
2688
2689
2691
2692
2694
2697
2698
2699
2701
2702
2703
2704
2705
2706
2707
2708
2709
2710
2712
2713
2714
2715
2716
2717
2718
2719
2720
2721
2722
2724
2725
2726
2728
2729
2730
2731
2732
2733
2734
2735
2736
2737
2743
2744
2745
2747
2748
2749
2750
2751
2752
2753
2755
2756
2757
2758
2759
2760
2761
2763
2766
2767
2768
2769
2771
2772
2773
2775
2776
2777
2778
2779
2780
2781
2785
2786
2787
2788
2790
2793
2794
2795
2796
2797
2801
2802
2803
2805
2806
2809
2810
2811
2812
2813
2815
2818
2819
2820
2821
2822
2823
2824
2826
2828
2830
2832
2833
2835
2837
2838
2839
2840
2841
2844
2848
2849
2850
2852
2853
2854
2855
2858
2860
2862
2864
2865
2866
2867
2868
2869
2872
2873
2877
2880
2882
2883
2885
2886
2888
2890
2892
2894
2897
2898
2899
2901
2902
2905
2906
2908
2911
2913
2916
2919
2920
2921
2923
2924
2925
2927
2928
2929
2930
2932
2933
2936
2937
2940
2943
2944
2945
2946
2947
2948
2949
2950
2951
2952
2953
2955
2957
2958
2960
2961
2967
2968
2969
2971
2973
2974
2975
2976
2979
2980
2981
2986
2987
2988
2989
2990
2992
2994
2995
2996
2998
3000
3001
3002
3003
3004
3007
3008
3011
3012
3015
3016
3017
3019
3021
3022
3024
3026
3029
3030
3031
3032
3033
3035
3036
3038
3039
3041
3042
3046
3047
3051
3052
3053
3055
3057
3058
3059
3060
3061
3062
3063
3064
3065
3067
3068
3071
3072
3073
3075
3076
3080
3081
3083
3086
3088
3089
3091
3093
3094
3095
3096
3097
3098
3100
3101
3104
3106
3107
3108
3110
3113
3114
3117
3118
3121
3123
3124
3126
3128
3129
3131
3133
3135
3136
3137
3139
3140
3141
3142
3143
3145
3146
3148
3149
3151
3153
3154
3157
3158
3162
3163
3165
3166
3167
3168
3169
3170
3172
3174
3177
3179
3180
3181
3182
3183
3186
3187
3188
3191
3193
3194
3196
3197
3198
3200
3201
3202
3203
3204
3205
3207
3208
3209
3210
3211
3212
3213
3215
3216
3220
3221
3223
3224
3226
3227
3228
3229
3230
3232
3233
3235
3237
3239
3241
3242
3243
3244
3245
3246
3247
3248
3253
3255
3258
3259
3260
3261
3263
3264
3265
3266
3267
3270
3271
3274
3275
3276
3277
3278
3279
3280
3281
3282
3283
3288
3289
3292
3293
3294
3295
3299
3300
3303
3304
3306
3308
3309
3311
3314
3316
3317
3318
3319
3322
3323
3324
3325
3326
3327
3328
3329
3333
3334
3335
3336
3338
3341
3343
3346
3348
3350
3352
3353
3354
3355
3356
3357
3359
3361
3367
3368
3369
3370
3371
3372
3373
3374
3375
3376
3377
3379
3380
3383
3386
3388
3389
3390
3393
3395
3396
3398
3399
3400
3403
3404
3405
3406
3407
3408
3409
3411
3412
3414
3418
3421
3422
3424
3425
3427
3428
3429
3431
3432
3433
3434
3435
3436
3437
3439
3441
3443
3444
3446
3447
3450
3452
3454
3455
3456
3457
3460
3462
3463
3464
3465
3468
3469
3472
3474
3475
3476
3478
3479
3482
3483
3484
3485
3487
3488
3491
3492
3493
3496
3497
3499
3500
3501
3502
3503
3504
3506
3509
3511
3512
3513
3514
3516
3517
3518
3519
3520
3522
3524
3525
3526
3528
3530
3531
3532
3534
3535
3539
3540
3541
3543
3545
3546
3547
3548
3549
3550
3551
3553
3555
3556
3558
3560
3562
3563
3564
3565
3567
3568
3570
3572
3573
3574
3575
3577
3578
3580
3581
3582
3584
3586
3589
3590
3591
3592
3593
3595
3596
3597
3599
3600
3602
3603
3606
3607
3608
3609
3610
3612
3613
3614
3615
3617
3619
3620
3621
3622
3623
3624
3625
3628
3629
3630
3631
3632
3635
3636
3638
3640
3643
3644
3646
3647
3648
3649
3651
3652
3654
3658
3660
3661
3663
3664
3665
3666
3667
3668
3670
3671
3672
3673
3674
3676
3677
3680
3683
3684
3686
3687
3688
3689
3692
3693
3694
3695
3696
3698
3699
3700
3701
3702
3704
3705
3706
3707
3708
3709
3710
3711
3712
3713
3714
3715
3716
3718
3720
3721
3723
3724
3725
3726
3727
3729
3730
3733
3734
3735
3738
3741
3742
3743
3744
3745
3747
3750
3751
3752
3754
3755
3756
3757
3758
3759
3761
3763
3764
3765
3766
3767
3768
3769
3772
3774
3776
3777
3779
3780
3781
3782
3784
3789
3791
3792
3794
3796
3797
3798
3802
3803
3804
3805
3807
3809
3813
3814
3815
3816
3818
3819
3820
3822
3823
3825
3826
3827
3828
3830
3831
3833
3835
3836
3837
3838
3839
3840
3842
3844
3845
3846
3847
3849
3850
3852
3855
3857
3858
3861
3862
3863
3870
3872
3873
3875
3876
3879
3880
3881
3882
3883
3885
3886
3888
3889
3890
3891
3892
3893
3894
3895
3896
3897
3898
3901
3903
3906
3908
3909
3912
3913
3915
3916
3917
3918
3919
3920
3922
3923
3924
3926
3927
3928
3929
3930
3932
3934
3936
3937
3938
3939
3940
3941
3942
3944
3945
3946
3947
3948
3949
3950
3951
3952
3954
3955
3956
3958
3962
3963
3964
3967
3968
3969
3971
3974
3975
3976
3977
3978
3979
3980
3981
3983
3984
3986
3989
3990
3991
3997
3998
3999
4001
4002
4003
4004
4006
4007
4008
4012
4013
4015
4017
4018
4019
4020
4021
4022
4023
4024
4026
4027
4028
4029
4030
4032
4033
4035
4036
4037
4040
4041
4043
4045
4046
4047
4049
4050
4051
4052
4053
4054
4056
4057
4058
4059
4061
4062
4063
4064
4065
4066
4067
4068
4069
4070
4071
4073
4074
4075
4076
4079
4082
4083
4084
4086
4087
4088
4091
4094
4095
4096
4098
4100
4101
4103
4105
4106
4107
4110
4112
4113
4115
4116
4118
4119
4122
4124
4125
4126
4128
4129
4131
4132
4133
4139
4140
4144
4145
4146
4147
4148
4152
4153
4154
4155
4157
4158
4159
4160
4162
4164
4165
4167
4168
4169
4170
4171
4173
4174
4175
4177
4178
4179
4180
4183
4184
4185
4187
4189
4190
4191
4194
4196
4197
4199
4200
4205
4207
4208
4209
4212
4215
4216
4217
4218
4219
4220
4221
4222
4223
4225
4227
4228
4229
4230
4231
4234
4235
4239
4240
4243
4245
4246
4247
4248
4249
4250
4251
4252
4253
4254
4255
4256
4257
4261
4262
4265
4266
4267
4268
4269
4271
4274
4275
4276
4277
4278
4279
4280
4282
4283
4284
4286
4287
4288
4291
4293
4294
4295
4297
4299
4301
4302
4304
4305
4306
4307
4310
4311
4314
4315
4316
4317
4319
4320
4321
4323
4324
4326
4327
4328
4330
4332
4333
4334
4335
4336
4338
4341
4342
4343
4345
4347
4349
4350
4351
4352
4353
4354
4356
4357
4358
4360
4361
4362
4364
4365
4366
4369
4374
4375
4376
4377
4378
4379
4380
4381
4382
4384
4385
4386
4387
4388
4389
4392
4393
4394
4395
4396
4400
4402
4403
4404
4405
4406
4408
4409
4410
4411
4412
4413
4414
4415
4416
4417
4420
4421
4424
4425
4427
4428
4429
4430
4432
4433
4435
4436
4437
4438
4439
4440
4441
4442
4443
4446
4448
4449
4450
4451
4453
4454
4455
4456
4457
4458
4459
4461
4462
4463
4467
4469
4470
4471
4472
4474
4478
4479
4481
4482
4483
4485
4487
4488
4489
4490
4492
4493
4495
4497
4500
4502
4506
4507
4509
4511
4513
4514
4515
4516
4517
4518
4521
4523
4524
4525
4526
4527
4528
4529
4530
4531
4533
4534
4535
4536
4537
4539
4540
4541
4542
4546
4547
4548
4549
4550
4551
4552
4554
4555
4556
4557
4559
4560
4561
4562
4563
4566
4567
4568
4570
4575
4577
4578
4580
4581
4582
4588
4589
4590
4594
4595
4596
4598
4599
4600
4601
4602
4603
4604
4605
4606
4608
4609
4610
4611
4612
4614
4615
4616
4617
4619
4620
4621
4622
4624
4626
4627
4629
4630
4631
4633
4634
4635
4636
4637
4638
4639
4642
4643
4644
4645
4647
4648
4649
4650
4651
4652
4653
4656
4657
4658
4660
4661
4662
4664
4665
4666
4667
4668
4669
4670
4671
4673
4674
4676
4678
4680
4681
4682
4683
4684
4686
4688
4689
4690
4691
4692
4694
4696
4698
4699
4700
4701
4703
4705
4707
4708
4713
4721
4722
4723
4724
4726
4727
4731
4732
4736
4737
4738
4741
4743
4747
4748
4749
4750
4751
4752
4753
4754
4758
4759
4760
4761
4762
4763
4764
4766
4767
4768
4769
4772
4773
4774
4775
4776
4779
4780
4781
4784
4786
4787
4788
4789
4790
4791
4793
4797
4799
4800
4801
4802
4803
4804
4805
4806
4808
4810
4813
4814
4815
4816
4817
4818
4819
4820
4822
4824
4825
4828
4829
4832
4833
4836
4837
4839
4840
4841
4843
4844
4845
4846
4848
4849
4852
4853
4855
4856
4857
4858
4859
4860
4862
4863
4866
4867
4868
4870
4872
4873
4874
4877
4879
4880
4881
4884
4885
4886
4887
4889
4890
4891
4893
4895
4897
4898
4899
4900
4901
4902
4903
4904
4906
4907
4908
4910
4911
4912
4914
4915
4917
4919
4920
4921
4923
4924
4925
4926
4927
4928
4929
4930
4931
4933
4936
4937
4938
4939
4940
4941
4942
4943
4946
4947
4948
4949
4951
4952
4954
4955
4956
4957
4958
4960
4963
4966
4968
4969
4970
4972
4973
4974
4975
4979
4980
4982
4983
4984
4985
4989
4990
4991
4992
4993
4994
4995
4996
4997
4998
4999
5000
5001
5002
5003
5004
5005
5006
5009
5010
5011
5012
5014
5015
5016
5018
5019
5020
5021
5022
5023
5024
5025
5026
5029
5030
5031
5032
5034
5035
5036
5038
5039
5040
5041
5042
5043
5044
5045
5046
5047
5048
5049
5050
5051
5053
5054
5055
5057
5058
5059
5062
5063
5066
5067
5070
5072
5075
5076
5077
5078
5079
5080
5081
5082
5083
5084
5085
5086
5087
5089
5090
5092
5097
5099
5100
5101
5102
5105
5106
5107
5109
5110
5112
5113
5115
5116
5117
5119
5120
5121
5123
5124
5125
5126
5127
5128
5130
5131
5132
5133
5135
5137
5138
5139
5142
5143
5145
5151
5152
5153
5155
5156
5158
5159
5161
5163
5164
5165
5166
5168
5169
5174
5177
5181
5182
5183
5184
5185
5189
5191
5192
5193
5194
5196
5198
5200
5201
5203
5204
5206
5207
5209
5210
5211
5212
5214
5215
5217
5219
5220
5221
5222
5225
5227
5229
5231
5233
5234
5235
5237
5238
5239
5240
5241
5242
5244
5247
5249
5253
5254
5255
5260
5261
5262
5265
5266
5267
5268
5270
5271
5273
5274
5276
5277
5278
5279
5280
5281
5282
5283
5284
5285
5286
5287
5288
5290
5291
5292
5293
5294
5296
5298
5299
5303
5304
5307
5308
5310
5311
5312
5313
5314
5318
5319
5321
5322
5324
5326
5327
5328
5329
5330
5331
5332
5333
5334
5335
5336
5341
5342
5343
5344
5345
5346
5347
5349
5351
5352
5355
5356
5357
5358
5361
5362
5366
5368
5370
5371
5372
5374
5376
5377
5378
5379
5380
5381
5384
5385
5387
5389
5391
5392
5393
5394
5395
5396
5399
5400
5401
5402
5403
5405
5406
5408
5409
5410
5411
5412
5414
5415
5416
5417
5418
5419
5420
5421
5422
5424
5425
5427
5429
5430
5432
5434
5435
5436
5438
5439
5440
5441
5442
5444
5446
5447
5449
5450
5454
5455
5457
5458
5459
5461
5462
5464
5465
5467
5468
5470
5471
5472
5473
5475
5479
5480
5481
5482
5483
5484
5485
5487
5488
5489
5490
5491
5493
5496
5498
5500
5501
5502
5503
5504
5505
5508
5509
5510
5511
5513
5514
5515
5516
5517
5518
5521
5523
5524
5525
5528
5530
5531
5532
5534
5535
5536
5538
5539
5540
5541
5542
5544
5545
5546
5547
5548
5549
5550
5551
5552
5554
5555
5557
5558
5559
5560
5561
5564
5567
5569
5571
5572
5575
5576
5577
5579
5580
5581
5582
5583
5584
5587
5588
5589
5590
5591
5592
5593
5594
5597
5599
5602
5605
5606
5607
5608
5609
5611
5612
5614
5615
5616
5618
5623
5624
5625
5626
5627
5628
5630
5633
5634
5636
5637
5638
5639
5640
5641
5642
5643
5646
5647
5649
5650
5652
5653
5654
5655
5656
5657
5659
5660
5662
5663
5664
5665
5666
5667
5668
5669
5671
5672
5673
5676
5677
5679
5680
5684
5685
5686
5687
5688
5690
5691
5692
5693
5696
5697
5701
5706
5708
5709
5710
5711
5715
5716
5719
5720
5722
5724
5725
5726
5727
5729
5730
5732
5733
5734
5735
5736
5737
5738
5740
5741
5742
5743
5744
5748
5749
5751
5752
5753
5754
5755
5756
5757
5759
5760
5761
5762
5764
5765
5766
5767
5769
5771
5773
5774
5775
5777
5778
5779
5781
5782
5786
5789
5790
5792
5794
5796
5797
5798
5799
5800
5801
5802
5804
5805
5806
5807
5809
5810
5812
5814
5815
5816
5818
5819
5822
5823
5825
5827
5828
5829
5830
5831
5832
5835
5836
5838
5841
5844
5845
5846
5847
5849
5850
5851
5852
5853
5854
5857
5859
5862
5864
5866
5867
5868
5869
5870
5872
5873
5875
5876
5878
5879
5880
5882
5885
5886
5887
5888
5891
5893
5894
5896
5897
5899
5900
5902
5903
5904
5905
5906
5907
5909
5910
5911
5912
5916
5918
5919
5921
5922
5923
5924
5925
5926
5927
5928
5930
5931
5932
5936
5938
5939
5940
5941
5944
5946
5947
5948
5949
5950
5952
5953
5954
5955
5956
5957
5958
5959
5960
5961
5963
5964
5966
5967
5968
5970
5972
5973
5974
5977
5980
5981
5982
5984
5987
5989
5990
5991
5992
5993
5996
5997
5998
6001
6002
6005
6008
6009
6010
6011
6015
6016
6017
6018
6019
6020
6021
6022
6023
6025
6028
6029
6030
6031
6032
6033
6034
6035
6036
6037
6038
6039
6040
6042
6043
6045
6046
6047
6048
6050
6051
6053
6055
6056
6058
6060
6061
6065
6067
6068
6069
6072
6073
6074
6077
6078
6079
6081
6082
6086
6088
6089
6090
6091
6093
6095
6096
6098
6099
6100
6101
6103
6104
6105
6106
6107
6108
6110
6116
6117
6119
6120
6122
6123
6125
6126
6128
6130
6133
6134
6136
6137
6138
6139
6140
6142
6143
6144
6145
6146
6147
6148
6150
6151
6152
6153
6155
6156
6157
6158
6159
6161
6162
6166
6167
6168
6169
6171
6172
6173
6175
6177
6178
6180
6181
6184
6185
6186
6190
6191
6193
6194
6195
6196
6198
6199
6200
6203
6205
6208
6209
6210
6211
6212
6213
6214
6216
6219
6220
6221
6222
6224
6227
6228
6230
6231
6232
6233
6235
6238
6240
6243
6245
6246
6248
6249
6251
6253
6254
6255
6257
6258
6259
6260
6261
6263
6264
6265
6266
6267
6268
6269
6270
6271
6273
6274
6276
6278
6279
6280
6281
6283
6284
6285
6286
6287
6289
6291
6292
6297
6298
6302
6304
6305
6307
6309
6311
6312
6313
6315
6316
6318
6319
6320
6321
6322
6323
6324
6325
6326
6327
6328
6329
6330
6331
6332
6333
6334
6335
6338
6339
6340
6342
6344
6346
6349
6352
6354
6356
6357
