user_id
3
10
24
25
26
27
32
35
36
40
42
47
48
53
55
61
68
69
73
74
75
82
87
91
92
93
94
95
99
100
101
102
108
110
128
129
130
137
139
141
142
146
158
160
164
166
174
180
181
182
183
188
195
203
208
211
217
221
225
226
227
228
235
242
244
247
248
250
252
259
260
265
266
282
284
296
298
304
311
314
316
318
325
327
328
330
338
342
347
351
353
358
367
370
371
377
378
380
384
386
391
392
401
405
412
416
418
420
422
434
435
436
443
445
452
453
455
460
461
462
463
465
467
468
469
476
478
482
488
493
501
502
503
509
510
513
514
518
522
524
529
530
537
543
546
552
556
559
560
561
563
565
567
569
572
576
577
585
599
602
603
604
606
611
619
621
626
629
631
634
637
651
661
665
666
667
668
673
684
685
691
705
706
708
711
712
720
721
734
741
742
744
751
752
753
755
757
762
766
767
770
778
780
782
787
791
794
808
810
813
822
826
829
832
833
836
838
845
847
849
851
859
860
864
866
867
871
886
889
895
897
900
903
916
920
923
931
932
935
941
942
956
966
974
975
980
982
983
986
988
991
994
997
1005
1008
1016
1018
1021
1023
1030
1042
1047
1048
1056
1057
1062
1067
1070
1080
1086
1091
1097
1104
1108
1114
1116
1118
1121
1123
1126
1129
1132
1133
1138
1141
1143
1146
1148
1149
1150
1151
1153
1155
1159
1166
1168
1177
1178
1181
1184
1186
1192
1193
1196
1198
1202
1203
1205
1208
1211
1213
1222
1223
1225
1226
1228
1231
1232
1235
1237
1241
1242
1249
1251
1257
1262
1266
1268
1270
1271
1276
1280
1281
1284
1287
1288
1292
1294
1296
1301
1304
1311
1312
1317
1321
1327
1329
1333
1339
1344
1351
1358
1361
1362
1365
1367
1369
1376
1377
1381
1386
1394
1397
1399
1402
1407
1408
1411
1414
1415
1418
1420
1424
1429
1432
1434
1435
1439
1442
1444
1445
1453
1455
1460
1464
1465
1466
1469
1470
1474
1476
1480
1483
1491
1493
1499
1505
1509
1511
1512
1513
1521
1528
1532
1537
1538
1548
1549
1550
1551
1559
1560
1561
1563
1567
1576
1581
1582
1587
1589
1590
1592
1593
1595
1599
1601
1607
1610
1611
1612
1623
1626
1628
1633
1641
1642
1644
1647
1648
1652
1659
1668
1670
1676
1679
1680
1681
1683
1686
1688
1693
1694
1695
1699
1701
1704
1712
1714
1720
1721
1724
1727
1736
1738
1739
1742
1743
1747
1749
1750
1752
1753
1758
1760
1761
1765
1770
1771
1776
1785
1787
1801
1803
1810
1811
1816
1823
1825
1835
1838
1853
1855
1856
1858
1860
1862
1865
1874
1875
1881
1884
1886
1895
1897
1913
1914
1918
1924
1930
1931
1933
1936
1938
1943
1944
1951
1964
1967
1969
1971
1972
1978
1980
1995
1997
1999
2001
2002
2005
2008
2015
2020
2021
2023
2024
2025
2028
2031
2035
2042
2046
2049
2050
2054
2061
2062
2063
2064
2067
2069
2070
2072
2079
2080
2083
2087
2094
2095
2097
2099
2105
2106
2107
2112
2117
2122
2123
2126
2130
2134
2142
2146
2153
2159
2162
2163
2166
2168
2169
2171
2173
2176
2181
2186
2188
2189
2191
2200
2202
2206
2208
2215
2220
2221
2225
2226
2232
2237
2239
2240
2242
2245
2247
2249
2250
2252
2258
2275
2276
2279
2280
2281
2282
2285
2288
2291
2292
2294
2299
2302
2303
2317
2325
2327
2338
2339
2341
2342
2344
2352
2354
2361
2371
2373
2376
2377
2381
2385
2388
2392
2397
2398
2402
2403
2407
2408
2411
2418
2430
2432
2437
2441
2446
2450
2453
2455
2459
2462
2465
2469
2472
2474
2477
2479
2480
2484
2490
2504
2505
2513
2516
2518
2519
2530
2531
2533
2540
2544
2545
2548
2552
2554
2557
2561
2562
2563
2564
2566
2578
2579
2583
2587
2589
2591
2596
2598
2606
2610
2611
2612
2617
2619
2628
2629
2630
2635
2643
2646
2651
2657
2670
2685
2686
2690
2693
2695
2696
2700
2711
2723
2727
2738
2739
2741
2742
2746
2754
2764
2765
2770
2774
2783
2784
2789
2791
2792
2799
2800
2804
2808
2814
2816
2825
2827
2829
2831
2836
2842
2843
2845
2846
2851
2856
2857
2859
2863
2870
2874
2875
2876
2878
2881
2884
2887
2889
2893
2895
2896
2900
2903
2907
2909
2910
2914
2915
2917
2922
2926
2931
2934
2935
2938
2939
2956
2959
2962
2964
2965
2966
2970
2972
2977
2978
2982
2983
2984
2985
2991
2993
2997
2999
3005
3006
3009
3013
3014
3018
3020
3023
3025
3027
3028
3034
3037
3040
3043
3044
3045
3048
3049
3050
3054
3056
3066
3069
3070
3074
3077
3079
3082
3085
3090
3092
3099
3103
3105
3109
3112
3115
3119
3120
3122
3125
3127
3130
3132
3134
3138
3147
3152
3155
3156
3159
3171
3173
3175
3176
3178
3184
3190
3192
3195
3199
3206
3214
3218
3219
3222
3231
3234
3236
3238
3240
3249
3250
3251
3256
3257
3262
3268
3269
3272
3273
3285
3287
3290
3291
3296
3297
3298
3301
3305
3310
3312
3313
3315
3320
3321
3330
3331
3332
3339
3340
3342
3344
3345
3347
3349
3351
3358
3360
3362
3363
3365
3366
3378
3381
3384
3385
3387
3391
3392
3397
3401
3402
3413
3415
3416
3417
3419
3423
3426
3430
3438
3440
3442
3445
3448
3451
3453
3458
3459
3461
3466
3467
3470
3471
3473
3477
3480
3481
3486
3489
3494
3495
3498
3505
3507
3508
3510
3515
3521
3527
3529
3533
3536
3537
3538
3542
3544
3552
3557
3559
3561
3566
3571
3576
3579
3583
3585
3587
3588
3594
3598
3601
3604
3605
3611
3616
3626
3627
3634
3639
3641
3642
3653
3655
3656
3657
3659
3662
3669
3679
3681
3682
3685
3690
3691
3697
3703
3717
3719
3722
3728
3731
3732
3736
3739
3740
3746
3748
3749
3753
3760
3771
3775
3783
3785
3786
3787
3788
3790
3793
3795
3801
3806
3810
3811
3812
3821
3829
3832
3834
3841
3843
3848
3851
3853
3854
3856
3859
3860
3864
3865
3867
3868
3869
3871
3874
3877
3878
3884
3887
3899
3900
3902
3904
3905
3907
3910
3911
3914
3921
3931
3933
3935
3943
3953
3957
3959
3960
3961
3965
3966
3970
3972
3973
3982
3987
3988
3992
3993
3995
3996
4000
4005
4009
4010
4011
4014
4016
4025
4031
4034
4039
4042
4044
4048
4055
4060
4072
4077
4080
4081
4085
4089
4090
4093
4097
4099
4102
4104
4109
4111
4120
4121
4127
4130
4135
4136
4138
4141
4142
4143
4149
4150
4151
4161
4163
4166
4176
4181
4182
4186
4188
4192
4193
4195
4198
4201
4204
4206
4210
4211
4213
4214
4224
4226
4232
4236
4237
4244
4258
4259
4260
4263
4264
4270
4272
4273
4281
4285
4289
4298
4300
4303
4308
4309
4312
4313
4318
4322
4325
4329
4331
4337
4339
4340
4344
4346
4359
4363
4368
4370
4371
4372
4373
4383
4390
4391
4397
4398
4399
4401
4407
4419
4423
4426
4445
4447
4452
4460
4464
4465
4466
4468
4473
4475
4476
4480
4484
4491
4494
4496
4499
4501
4503
4505
4508
4510
4512
4519
4520
4522
4532
4538
4543
4544
4545
4553
4558
4564
4565
4569
4571
4572
4573
4576
4579
4583
4584
4585
4586
4587
4591
4592
4593
4607
4613
4618
4623
4625
4632
4640
4646
4654
4655
4663
4672
4675
4677
4679
4685
4687
4693
4695
4697
4702
4704
4706
4709
4710
4711
4712
4714
4715
4717
4718
4719
4720
4725
4728
4729
4730
4733
4734
4735
4739
4740
4745
4746
4755
4756
4757
4770
4771
4777
4782
4785
4792
4794
4795
4796
4798
4809
4811
4812
4821
4826
4827
4830
4831
4834
4835
4838
4842
4847
4851
4854
4861
4864
4865
4869
4871
4875
4876
4878
4882
4883
4888
4892
4894
4896
4905
4909
4916
4918
4922
4932
4934
4944
4945
4950
4953
4959
4961
4962
4965
4967
4971
4976
4977
4981
5007
5008
5013
5027
5028
5033
5056
5060
5064
5065
5068
5069
5071
5073
5088
5094
5095
5096
5098
5103
5104
5111
5114
5122
5134
5136
5144
5148
5150
5157
5170
5171
5172
5173
5175
5176
5178
5179
5180
5186
5188
5190
5195
5197
5202
5205
5208
5213
5223
5226
5228
5232
5236
5243
5245
5246
5250
5251
5257
5258
5259
5263
5264
5272
5275
5289
5300
5301
5302
5305
5306
5309
5315
5316
5317
5320
5323
5338
5339
5340
5348
5350
5353
5354
5359
5360
5363
5365
5369
5373
5375
5382
5383
5390
5397
5407
5426
5428
5431
5433
5437
5443
5445
5451
5452
5453
5456
5460
5463
5466
5469
5474
5476
5478
5486
5492
5497
5499
5507
5512
5519
5520
5522
5527
5529
5533
5537
5543
5553
5563
5565
5570
5574
5578
5585
5586
5595
5596
5598
5600
5601
5603
5604
5610
5613
5617
5619
5620
5621
5622
5629
5631
5632
5635
5645
5651
5658
5661
5674
5678
5681
5682
5683
5689
5694
5698
5699
5700
5702
5703
5704
5705
5707
5712
5713
5717
5718
5721
5728
5731
5739
5745
5746
5750
5758
5763
5768
5770
5776
5780
5783
5784
5785
5787
5788
5791
5793
5795
5803
5808
5811
5813
5820
5821
5833
5834
5837
5842
5843
5848
5856
5858
5860
5861
5863
5865
5871
5874
5877
5881
5884
5889
5890
5892
5895
5898
5908
5913
5914
5915
5920
5929
5933
5934
5935
5937
5942
5943
5945
5951
5965
5969
5975
5976
5978
5979
5983
5985
5986
5988
5994
5999
6000
6003
6004
6006
6007
6012
6024
6026
6027
6041
6044
6052
6054
6057
6059
6062
6066
6070
6071
6075
6076
6080
6083
6084
6085
6087
6094
6097
6102
6111
6112
6113
6114
6115
6118
6121
6124
6127
6129
6132
6135
6141
6149
6154
6160
6163
6164
6174
6176
6179
6182
6187
6188
6189
6192
6197
6201
6202
6204
6206
6215
6217
6223
6225
6229
6234
6236
6239
6242
6244
6247
6250
6256
6262
6272
6277
6282
6288
6290
6293
6296
6300
6301
6303
6306
6308
6310
6314
6317
6336
6341
6343
6345
6347
6348
6350
6351
6353
