user_id
6
16
24
28
31
32
35
36
41
42
46
51
55
59
84
85
90
101
119
121
129
130
143
147
148
150
152
170
174
175
177
181
182
189
196
200
203
209
210
228
231
233
235
239
241
248
249
255
259
262
263
285
289
290
292
293
296
298
311
316
321
323
329
330
335
338
350
366
369
374
397
407
412
415
422
424
425
433
448
454
464
470
472
481
483
484
489
493
497
498
501
506
508
509
518
536
538
542
544
545
560
566
569
573
581
591
592
593
594
596
602
607
608
609
618
627
629
631
638
641
646
652
663
664
667
675
676
679
684
689
693
696
737
739
744
757
770
782
786
788
795
797
800
801
802
807
811
814
820
832
838
850
856
865
868
869
872
878
879
881
883
885
891
892
894
909
911
912
926
931
939
941
950
954
959
960
962
963
969
978
979
990
991
992
993
995
1004
1007
1008
1017
1020
1022
1023
1036
1038
1039
1048
1052
1054
1055
1062
1064
1072
1082
1084
1086
1092
1100
1111
1115
1117
1118
1120
1133
1142
1144
1145
1153
1160
1164
1170
1179
1181
1186
1190
1193
1201
1205
1210
1214
1217
1222
1225
1227
1229
1230
1231
1235
1236
1239
1240
1246
1264
1271
1272
1273
1314
1317
1319
1320
1323
1332
1333
1335
1340
1342
1344
1347
1350
1353
1362
1364
1366
1369
1371
1374
1376
1377
1379
1382
1384
1390
1403
1406
1409
1419
1426
1438
1439
1445
1447
1451
1460
1461
1469
1477
1478
1480
1486
1504
1512
1523
1524
1527
1528
1530
1531
1532
1539
1542
1551
1559
1561
1568
1588
1589
1593
1596
1597
1603
1606
1611
1614
1616
1617
1619
1630
1636
1637
1643
1649
1652
1665
1669
1672
1677
1682
1687
1701
1703
1704
1705
1706
1722
1724
1727
1730
1741
1744
1745
1749
1750
1752
1762
1764
1765
1767
1770
1774
1784
1796
1801
1807
1810
1815
1835
1841
1843
1856
1860
1861
1869
1885
1894
1900
1907
1910
1917
1924
1933
1940
1958
1964
1975
1976
1977
1978
1979
1986
1990
2001
2008
2010
2011
2014
2015
2016
2024
2035
2043
2045
2054
2055
2056
2061
2062
2063
2065
2068
2069
2079
2088
2094
2095
2096
2106
2112
2117
2120
2127
2130
2133
2145
2150
2151
2157
2158
2166
2167
2168
2171
2173
2176
2180
2185
2186
2187
2188
2193
2199
2204
2207
2219
2224
2227
2234
2242
2264
2266
2267
2268
2270
2274
2283
2292
2294
2296
2316
2318
2326
2329
2336
2339
2344
2352
2354
2358
2366
2370
2388
2390
2397
2405
2406
2416
2437
2441
2453
2455
2458
2463
2467
2473
2492
2497
2505
2508
2510
2511
2512
2514
2535
2539
2540
2546
2552
2553
2570
2572
2575
2586
2590
2592
2598
2600
2605
2627
2636
2640
2648
2649
2657
2658
2673
2676
2686
2691
2692
2693
2696
2699
2705
2708
2713
2726
2728
2730
2734
2737
2744
2748
2765
2778
2782
2787
2788
2793
2797
2816
2828
2833
2835
2836
2837
2844
2846
2849
2856
2860
2863
2869
2872
2884
2887
2897
2900
2905
2913
2916
2931
2942
2943
2950
2954
2963
2964
2967
2971
2977
2978
2982
2992
2996
3002
3004
3005
3012
3031
3046
3047
3049
3057
3068
3069
3070
3074
3075
3086
3094
3108
3112
3114
3115
3117
3118
3135
3136
3138
3148
3149
3157
3159
3162
3175
3177
3181
3189
3200
3201
3212
3214
3222
3228
3233
3242
3254
3256
3259
3261
3262
3264
3275
3280
3281
3283
3295
3300
3304
3310
3315
3316
3326
3332
3335
3336
3337
3341
3353
3359
3363
3366
3367
3371
3375
3381
3383
3385
3386
3399
3412
3417
3433
3438
3448
3452
3461
3462
3467
3473
3474
3490
3492
3495
3502
3505
3514
3530
3535
3536
3537
3539
3541
3544
3550
3557
3563
3570
3585
3586
3587
3588
3592
3605
3610
3611
3617
3619
3621
3635
3645
3651
3652
3657
3664
3677
3679
3681
3687
3688
3692
3697
3701
3702
3703
3706
3713
3716
3717
3726
3729
3731
3738
3747
3752
3757
3768
3769
3771
3772
3780
3790
3793
3796
3811
3816
3824
3825
3826
3836
3847
3849
3851
3853
3856
3857
3858
3863
3865
3878
3886
3891
3893
3903
3904
3909
3910
3916
3917
3923
3924
3926
3936
3939
3944
3946
3963
3969
3973
3975
3980
3982
3983
3995
4001
4003
4020
4026
4027
4028
4033
4036
4055
4060
4062
4063
4065
4066
4070
4075
4087
4088
4097
4104
4106
4113
4114
4117
4125
4144
4155
4159
4173
4182
4184
4188
4189
4199
4204
4207
4212
4214
4216
4220
4223
4229
4230
4233
4246
4255
4261
4269
4272
4274
4276
4281
4283
4285
4286
4289
4290
4294
4297
4299
4306
4309
4310
4318
4320
4321
4323
4325
4326
4331
4335
4341
4348
4352
4356
4359
4363
4364
4366
4389
4390
4396
4401
4402
4445
4453
4477
4478
4490
4499
4502
4509
4516
4520
4526
4535
4549
4554
4561
4565
4568
4571
4575
4588
4595
4601
4604
4613
4625
4626
4637
4641
4657
4660
4663
4678
4680
4682
4686
4688
4697
4714
4732
4748
4768
4773
4774
4778
4783
4784
4788
4794
4798
4799
4801
4802
4812
4816
4817
4827
4838
4850
4853
4855
4860
4869
4874
4875
4877
4878
4888
4891
4893
4899
4903
4928
4940
4944
4949
4953
4958
4981
4982
4984
4994
4998
5012
5019
5024
5031
5033
5039
5040
5047
5052
5065
5087
5089
5099
5117
5120
5129
5133
5134
5140
5144
5149
5152
5153
5154
5165
5173
5178
5180
5182
5195
5196
5202
5204
5205
5213
5216
5224
5235
5253
5257
5267
5281
5300
5302
5307
5312
5329
5330
5335
5339
5358
5359
5376
5377
5381
5385
5387
5391
5392
5395
5396
5401
5404
5406
5407
5414
5417
5418
5434
5437
5440
5446
5448
5452
5455
5459
5461
5473
5477
5480
5483
5485
5490
5503
5510
5512
5522
5526
5534
5539
5545
5547
5561
5569
5570
5572
5575
5596
5599
5602
5606
5617
5627
5629
5638
5647
5656
5665
5666
5668
5672
5675
5680
5691
5693
5701
5713
5718
5723
5731
5736
5738
5741
5747
5761
5762
5778
5783
5787
5793
5795
5797
5812
5813
5814
5827
5828
5849
5852
5857
5858
5865
5866
5873
5875
5879
5881
5885
5891
5902
5904
5909
5910
5911
5914
5915
5921
5924
5925
5935
5946
5947
5949
5955
5964
5975
5978
5980
5983
5993
5996
6000
6001
6007
6034
6035
6048
6053
6054
6061
6074
6075
6077
6100
6104
6109
6111
6112
6118
6120
6121
6128
6153
6156
6162
6163
6167
6170
6176
6177
6183
6186
6188
6189
6225
6231
6232
6233
6238
6244
6247
6253
6260
6265
6271
6273
6278
6294
6296
6298
6304
6306
6312
6318
6327
6329
6332
6338
6342
6347
6364
6373
6374
6377
6382
6386
6399
6406
6416
6419
6420
6421
6426
6427
6438
6444
6449
6453
6456
6463
6469
6480
6485
6493
6511
6516
6528
6529
6536
6562
6566
6567
6572
6588
6590
6596
6597
6599
6607
6609
6611
6619
6626
6638
6639
6642
6647
6648
6652
6653
6669
6678
6680
6683
6684
6686
6691
6692
6697
6712
6715
6722
6723
6724
6726
6743
6756
6762
6764
6765
6769
6776
6778
6780
6781
6787
6789
6790
6791
6795
6797
6799
6809
6816
6819
6821
6833
6840
6841
6844
6849
6851
6852
6855
6868
6886
6902
6909
6911
6913
6924
6942
6947
6948
6949
6951
6953
6959
6962
6963
6967
6989
6993
6997
7006
7010
7017
7028
7029
7032
7033
7039
7041
7043
7056
7067
7073
7091
7096
7109
7123
7130
7131
7132
7133
7137
7153
7165
7168
7169
7171
7177
7179
7193
7199
7203
7208
7213
7217
7225
7227
7229
7230
7235
7242
7245
7251
7252
7255
7256
7261
7265
7266
7276
7277
7278
7279
7284
7288
7291
7309
7310
7312
7314
7327
7337
7338
7340
7351
7352
7358
7360
7363
7366
7367
7369
7370
7371
7372
7378
7382
7407
7409
7416
7417
7421
7432
7443
7447
7449
7464
7471
7473
7475
7482
7485
7490
7499
7507
7520
7522
7534
7540
7542
7546
7547
7550
7560
7568
7573
7582
7584
7586
7587
7596
7597
7602
7604
7611
7621
7623
7627
7628
7645
7648
7652
7668
7673
7687
7688
7695
7699
7701
7707
7713
7720
7726
7731
7733
7736
7750
7753
7757
7762
7765
7772
7773
7774
7778
7782
7786
7794
7800
7802
7812
7821
7827
7844
7851
7853
7855
7860
7865
7877
7879
7884
7885
7887
7888
7893
7906
7922
7924
7925
7928
7930
7932
7945
7953
7963
7968
7971
7974
7977
7982
7987
7991
7992
7993
8006
8016
8018
8024
8026
8031
8032
8036
8039
8042
8048
8051
8060
8063
8065
8067
8075
8080
8085
8086
8088
8090
8096
8128
8129
8131
8139
8142
8148
8150
8153
8160
8170
8174
8180
8181
8185
8188
8190
8195
8201
8206
8210
8213
8218
8220
8221
8225
8227
8228
8238
8243
8258
8266
8282
8289
8291
8295
8304
8309
8313
8315
8319
8335
8337
8351
8354
8359
8364
8371
8374
8378
8379
8381
8388
8395
8397
8398
8401
8404
8409
8414
8418
8421
8443
8459
8463
8473
8481
8486
8487
8493
8497
8500
8502
8511
8512
8515
8530
8535
8549
8552
8556
8560
8564
8569
8579
8581
8586
8603
8610
8611
8619
8630
8637
8640
8646
8665
8674
8681
8683
8688
8690
8691
8701
8714
8738
8740
8743
8759
8760
8773
8774
8798
8818
8819
8828
8836
8840
8854
8862
8869
8873
8877
8884
8892
8898
8901
8904
8906
8911
8914
8922
8923
8930
8931
8932
8947
8964
8970
8978
8981
8983
8986
8993
9003
9004
9008
9012
9013
9020
9022
9035
9038
9044
9049
9057
9059
9065
9070
9072
9077
9080
9081
9092
9094
9097
9109
9117
9121
9122
9124
9133
9134
9135
9136
9139
9143
9150
9165
9166
9176
9181
9183
9188
9201
9206
9209
9211
9214
9218
9222
9224
9241
9242
9252
9253
9255
9260
9276
9291
9293
9302
9308
9314
9315
9321
9330
9334
9348
9349
9360
9365
9370
9379
9381
9396
9400
9403
9408
9420
9422
9423
9427
9442
9444
9447
9452
9453
9454
9457
9458
9470
9473
9475
9477
9489
9494
9504
9507
9513
9521
9536
9543
9545
9546
9550
9570
9578
9580
9586
9595
9598
9607
9609
9611
9617
9621
9622
9630
9644
9645
9654
9676
9680
9684
9689
9692
9695
9697
9699
9705
9708
9719
9725
9728
9746
9747
9752
9754
9758
9759
9761
9766
9770
9772
9775
9788
9791
9794
9810
9813
9821
9832
9834
9838
9841
9843
9856
9869
9888
9897
9901
9904
9905
9912
9913
9915
9927
9939
9942
9946
9947
9948
9954
9957
9962
9973
9974
9978
9981
9986
9990
9997
9999
10002
10005
10012
10017
10019
10023
10028
10042
10043
10054
10057
10058
10085
10086
10096
10099
10108
10109
10121
10122
10123
10126
10129
10131
10133
10138
10141
10150
10151
10152
10162
10168
10184
10186
10189
10201
10202
10204
10207
10217
10218
10219
10221
10225
10236
10237
10246
10250
10253
10258
10265
10266
10278
10283
10290
10293
10297
10313
10316
10319
10322
10324
10329
10343
10350
10352
10355
10356
10359
10364
10373
10375
10382
10393
10396
10399
10409
10413
10419
10432
10433
10435
10445
10450
10455
10458
10462
10472
10479
10483
10488
10496
10506
10512
10517
10530
10531
10539
10541
10548
10550
10565
10566
10573
10574
10576
10582
10585
10595
10607
10610
10611
10612
10613
10618
10622
10624
10637
10647
10652
10653
10654
10678
10692
10700
10710
10711
10712
10723
10727
10733
10742
10749
10762
10766
10774
10776
10780
10784
10793
10804
10810
10814
10824
10830
10834
10837
10845
10848
10854
10859
10865
10873
10874
10889
10893
10895
10905
10912
10924
10926
10928
10931
10933
10943
10958
10963
10975
10978
10983
10989
10991
10995
11001
11003
11014
11030
11038
11045
11047
11048
11050
11066
11067
11070
11075
11076
11079
11082
11083
11086
11087
11090
11103
11109
11112
11124
11136
11144
11155
11159
11166
11167
11171
11173
11177
11180
11181
11184
11190
11196
11197
11201
11208
11211
11215
11216
11218
11221
11233
11241
11244
11257
11265
11267
11270
11273
11277
11278
11280
11281
11284
11292
11294
11295
11310
11315
11316
11319
11322
11323
11326
11344
11349
11350
11351
11352
11358
11362
11364
11367
11369
11372
11379
11383
11384
11401
11402
11411
11415
11418
11424
11433
11455
11458
11464
11467
11473
11474
11476
11478
11492
11507
11510
11511
11532
11535
11544
11550
11558
11560
11562
11565
11567
11572
11573
11589
11590
11591
11596
11598
11601
11604
11606
11616
11622
11625
11628
11633
11634
11642
11646
11648
11649
11651
11662
11664
11665
11672
11674
11696
11701
11708
11710
11716
11720
11733
11735
11739
11741
11745
11753
11758
11760
11766
11783
11786
11793
11796
11812
11827
11836
11850
11851
11854
11857
11860
11861
11863
11864
11878
11890
11898
11903
11905
11909
11911
11912
11918
11924
11935
11936
11943
11949
11952
11953
11956
11958
11965
11966
11967
11968
11971
11980
11985
12000
12005
12009
12012
12023
12029
12030
12031
12032
12034
12044
12045
12048
12056
12061
12063
12070
12071
12078
12081
12089
12096
12101
12104
12107
12108
12110
12112
12117
12118
12121
12123
12147
12179
12185
12188
12192
12196
12200
12206
12213
12216
12217
12230
12231
12235
12240
12248
12250
12254
12255
12258
12259
12261
12265
12266
12268
12275
12280
12284
12285
12290
12313
12321
12323
12335
12342
12344
12355
12358
12362
12376
12383
12394
12404
12405
12408
12410
12415
12420
12423
12432
12440
12441
12444
12452
12455
12476
12488
12491
12492
12493
12496
12504
12506
12517
12524
12537
12538
12541
12550
12552
12556
12557
12559
12576
12583
12587
12589
12596
12603
12611
12615
12618
12622
12633
12639
12662
12664
12673
12679
12695
12710
12715
12716
12718
12719
12720
12721
12727
12729
12748
12749
12763
12764
12765
12776
12777
12778
12780
12783
12787
12789
12793
12809
12814
12825
12829
12830
12834
12835
12836
12838
12843
12850
12856
12859
12860
12871
12875
12887
12888
12899
12900
12913
12917
12936
12940
12943
12944
12947
12958
12961
12964
12969
12977
12982
12990
12997
13004
13006
13020
13021
13038
13044
13046
13048
13058
13061
13065
13074
13076
13086
13090
13091
13095
13098
13100
13102
13103
13111
13112
13115
13116
13124
13133
13139
13144
13151
13153
13161
13167
13174
13189
13205
13215
13216
13234
13237
13239
13246
13255
13257
13266
13269
13272
13273
13290
13292
13301
13304
13310
13316
13319
13322
13329
13332
13336
13337
13347
13351
13356
13373
13375
13378
13395
13397
13398
13399
13404
13415
13423
13429
13440
13441
13443
13444
13445
13446
13449
13451
13454
13456
13458
13467
13479
13492
13493
13495
13525
13532
13535
13542
13546
13555
13566
13567
13571
13578
13586
13588
13604
13611
13624
13625
13628
13630
13636
13637
13644
13646
13654
13658
13659
13661
13671
13677
13683
13684
13715
13720
13724
13736
13737
13744
13752
13760
13764
13785
13790
13796
13810
13815
13817
13824
13825
13827
13829
13831
13833
13834
13835
13841
13860
13861
13863
13870
13878
13897
13901
13907
13909
13915
13916
13921
13928
13933
13939
13942
13953
13958
13963
13964
13981
13993
14003
14007
14012
14016
14021
14028
14032
14038
14047
14052
14055
14058
14059
14060
14061
14066
14068
14070
14075
14078
14083
14084
14085
14089
14097
14101
14102
14107
14110
14118
14131
14139
14140
14155
14158
14162
14170
14171
14185
14191
14195
14196
14202
14210
14212
14214
14216
14222
14223
14225
14239
14241
14249
14253
14256
14261
14271
14274
14282
14290
14294
14306
14307
14310
14312
14315
14332
14339
14349
14350
14353
14374
14386
14395
14405
14411
14422
14423
14426
14430
14438
14444
14448
14449
14453
14455
14459
14467
14473
14481
14488
14493
14503
14506
14508
14522
14524
14527
14528
14536
14538
14540
14541
14542
14544
14549
14568
14576
14588
14601
14614
14615
14618
14622
14624
14631
14637
14642
14647
14653
14664
14674
14680
14689
14691
14699
14700
14705
14716
14722
14744
14754
14760
14764
14765
14768
14779
14780
14785
14787
14793
14804
14806
14811
14818
14828
14831
14839
14857
14858
14862
14873
14880
14883
14885
14887
14888
14889
14891
14892
14897
14901
14921
14922
14929
14932
14935
14936
14954
14955
14957
14963
14964
14975
14976
14981
14987
14988
15003
15010
15019
15031
15035
15045
15048
15058
15059
15066
15072
15088
15096
15103
15107
15113
15114
15121
15124
15132
15133
15134
15162
15169
15172
15185
15186
15191
15192
15198
15199
15209
15211
15213
15217
15221
15231
15241
15246
15247
15253
15260
15269
15273
15275
15282
15288
15290
15291
15296
15304
15309
15311
15318
15324
15325
15327
15337
15338
15340
15342
15353
15355
15366
15367
15371
15372
15376
15383
15389
15393
15406
15416
15422
15423
15430
15434
15435
15453
15463
15471
15475
15488
15495
15503
15517
15519
15540
15541
15544
15561
15566
15568
15572
15580
15583
15589
15593
15612
15625
15626
15629
15635
15636
15649
15653
15663
15665
15666
15668
15670
15704
15706
15712
15720
15728
15730
15733
15756
15761
15762
15770
15774
15785
15790
15805
15821
15830
15832
15837
15847
15859
15879
15880
15881
15890
15891
15892
15895
15897
15901
15904
15909
15910
15911
15914
15915
15932
15933
15934
15937
15942
15945
15952
15953
15956
15968
15971
15974
15983
15985
16003
16004
16011
16019
16021
16024
16054
16064
16066
16069
16070
16074
16079
16082
16086
16087
16091
16095
16096
16100
16101
16105
16119
16120
16123
16126
16127
16128
16131
16134
16137
16138
16142
16143
16145
16149
16153
16156
16158
16165
16173
16180
16182
16201
16208
16215
16217
16220
16223
16225
16227
16250
16251
16253
16260
16271
16272
16274
16277
16278
16283
16290
16296
16297
16304
16320
16323
16329
16336
16341
16348
16355
16362
16368
16380
16383
16406
16408
16410
16411
16415
16417
16422
16435
16440
16447
16451
16456
16457
16473
16495
16504
16508
16511
16514
16527
16531
16535
16537
16541
16551
16557
16582
16587
16588
16590
16598
16613
16616
16628
16629
16637
16638
16640
16642
16651
16658
16666
16674
16684
16686
16688
16706
16712
16719
16734
16746
16747
16762
16767
16769
16774
16787
16795
16796
16798
16803
16806
16811
16812
16814
16847
16855
16857
16863
16864
16868
16873
16882
16898
16911
16922
16924
16926
16934
16937
16939
16941
16944
16945
16953
16956
16959
16962
16965
16989
16991
16993
16994
16996
16997
16998
17000
17008
17016
17019
17021
17025
17042
17044
17051
17052
17086
17088
17108
17113
17118
17121
17126
17133
17134
17143
17145
17147
17151
17153
17162
17171
17176
17178
17182
17188
17196
17222
17225
17232
17238
17248
17263
17271
17290
17297
17305
17316
17331
17334
17343
17363
17376
17388
17395
17402
17403
17404
17417
17430
17432
17434
17436
17440
17451
17455
17458
17462
17467
17468
17470
17474
17476
17480
17486
17487
17492
17503
17508
17512
17520
17522
17540
17550
17554
17556
17558
17560
17569
17572
17575
17580
17595
17599
17605
17634
17650
17656
17662
17666
17672
17673
17676
17678
17679
17685
17687
17708
17709
17723
17725
17742
17757
17759
17763
17768
17773
17782
17783
17784
17790
17793
17799
17812
17815
17827
17829
17850
17866
17875
17886
17894
17904
17906
17911
17912
17915
17924
17945
17950
17966
17973
17988
17989
17993
18026
18028
18033
18040
18053
18057
18060
18068
18072
18084
18090
18100
18103
18112
18134
18158
18161
18172
18175
18176
18182
18193
18199
18216
18226
18227
18230
18256
18261
18267
18272
18274
18275
18280
18283
18284
18288
18291
18303
18308
18311
18323
18326
18334
18341
18344
18358
18361
18373
18378
18384
18390
18398
18400
18401
18407
18408
18413
18414
18417
18419
18428
18443
18444
18455
18456
18461
18462
18464
18473
18475
18486
18492
18499
18509
18513
18521
18525
18528
18531
18532
18548
18554
18558
18560
18565
18566
18576
18579
18583
18584
18589
18593
18596
18600
18602
18608
18609
18620
18628
18632
18636
18643
18646
18658
18668
18675
18683
18687
18688
18689
18693
18696
18703
18710
18711
18714
18721
18725
18728
18742
18745
18752
18754
18757
18762
18767
18774
18777
18791
18794
18798
18809
18817
18819
18822
18824
18833
18836
18837
18841
18843
18854
18857
18865
18871
18882
18883
18896
18917
18921
18924
18927
18937
18953
18958
18959
18967
18968
18973
18978
18980
18985
18989
18991
18998
19027
19029
19031
19036
19045
19068
19083
19084
19086
19090
19097
19106
19116
19140
19145
19153
19154
19159
19161
19165
19172
19175
19176
19179
19184
19187
19194
19195
19205
19209
19218
19224
19230
19244
19249
19250
19260
19261
19268
19271
19278
19283
19300
19305
19310
19315
19324
19326
19337
19341
19347
19366
19369
19372
19375
19387
19389
19391
19393
19394
19397
19399
19402
19404
19406
19408
19412
19413
19414
19415
19419
19420
19429
19431
19438
19440
19445
19459
19461
19475
19477
19479
19495
19496
19498
19505
19515
19517
19520
19522
19528
19529
19531
19541
19547
19549
19555
19556
19560
19565
19568
19585
19591
19599
19604
19605
19621
19625
19631
19632
19633
19639
19640
19647
19659
19666
19674
19676
19685
19694
19705
19710
19717
19728
19729
19739
19749
19761
19776
19780
19792
19799
19806
19809
19821
19840
19842
19847
19855
19861
19867
19872
19886
19890
19892
19903
19912
19925
19927
19930
19932
19939
19951
19961
19964
19973
19974
19982
19995
19999
20009
20012
20014
20017
20018
20024
20052
20055
20057
20077
20080
20090
20094
20102
20108
20113
20129
20136
20139
20141
20142
20155
20159
20160
20163
20173
20175
20178
20189
20196
20198
20209
20210
20220
20227
20234
20239
20251
20254
20264
20274
20281
20284
20288
20293
20294
20308
20317
20323
20325
20326
20331
20332
20353
20356
20357
20363
20364
20389
20394
20399
20427
20442
20446
20447
20449
20454
20456
20461
20465
20471
20489
20508
20510
20526
20538
20546
20552
20569
20577
20579
20581
20584
20586
20593
20600
20613
20623
20630
20632
20634
20646
20652
20659
20665
20668
20672
20683
20684
20718
20726
20730
20732
20747
20749
20758
20763
20770
20773
20774
20785
20797
20798
20807
20811
20816
20817
20820
20822
20823
20825
20826
20849
20850
20852
20854
20860
20862
20870
20875
20889
20901
20902
20913
20921
20924
20925
20929
20930
20931
20934
20935
20936
20942
20964
20965
20967
20970
20974
21005
21006
21018
21027
21030
21032
21036
21041
21055
21060
21062
21069
21079
21086
21088
21092
21094
21099
21111
21120
21127
21131
21134
21148
21156
21166
21169
21171
21177
21179
21182
21187
21192
21196
21197
21203
21210
21211
21212
21233
21234
21243
21244
21247
21248
21250
21252
21267
21270
21279
21286
21296
21297
21299
21300
21301
21303
21309
21322
21323
21325
21333
21346
21355
21356
21360
21363
21376
21379
21393
21394
21401
21407
21420
21426
21430
21444
21452
21462
21465
21478
21499
21500
21501
21503
21505
21513
21518
21525
21526
21529
21532
21539
21550
21560
21561
21563
21575
21596
21602
21609
21618
21629
21638
21667
21677
21704
21725
21733
21734
21744
21748
21750
21752
21771
21772
21791
21794
21803
21810
21812
21820
21821
21825
21826
21827
21831
21846
21850
21852
21854
21859
21862
21864
21866
21867
21873
21880
21897
21902
21904
21915
21928
21934
21940
21947
21949
21950
21970
21982
21986
21991
21994
21996
22012
22024
22025
22028
22030
22039
22067
22070
22072
22080
22082
22086
22089
22100
22102
22111
22126
22133
22135
22142
22143
22162
22167
22171
22176
22182
22185
22187
22192
22198
22199
22204
22210
22213
22217
22220
22221
22225
22238
22240
22249
22259
22272
22280
22281
22312
22318
22328
22330
22336
22346
22355
22356
22371
22372
22377
22387
22398
22407
22408
22415
22435
22439
22446
22448
22456
22459
22461
22466
22469
22476
22481
22483
22485
22500
22505
22507
22517
22520
22523
22563
22564
22575
22577
22586
22593
22598
22602
22603
22633
22634
22635
22637
22638
22649
22658
22683
22690
22702
22704
22711
22717
22719
22725
22726
22727
22732
22747
22748
22749
22750
22761
22763
22765
22771
22782
22784
22797
22806
22810
22814
22820
22826
22832
22840
22864
22870
22878
22882
22887
22896
22897
22898
22910
22914
22924
22933
22938
22943
22951
22968
22973
22984
22986
22987
23001
23002
23003
23020
23033
23049
23050
23062
23063
23068
23071
23076
23081
23092
23097
23100
23105
23111
23117
23119
23121
23122
23141
23163
23168
23170
23175
23179
23180
23181
23194
23196
23205
23207
23209
23220
23224
23230
23236
23242
23247
23257
23265
23270
23278
23284
23290
23291
23292
23294
23299
23302
23306
23315
23321
23324
23326
23328
23331
23335
23344
23346
23354
23356
23358
23359
23361
23375
23379
23382
23383
23394
23402
23414
23417
23433
23441
23443
23450
23453
23454
23455
23460
23461
23464
23465
23468
23476
23478
23484
23490
23491
23504
23509
23524
23528
23534
23536
23539
23541
23545
23557
23562
23563
23571
23574
23581
23589
23605
23609
23610
23611
23623
23627
23630
23637
23640
23647
23651
23662
23671
23675
23683
23687
23692
23697
23711
23713
23720
23728
23731
23740
23747
23755
23766
23768
23773
23774
23779
23781
23788
23789
23790
23806
23811
23826
23827
23839
23841
23845
23848
23856
23858
23864
23872
23878
23885
23889
23913
23915
23918
23926
23931
23939
23940
23948
23954
23964
23967
23973
23979
23981
24000
24003
24005
24013
24020
24041
24045
24048
24064
24065
24069
24071
24076
24078
24095
24097
24102
24107
24117
24121
24128
24141
24142
24161
24163
24165
24168
24178
24180
24184
24193
24201
24210
24217
24218
24229
24232
24234
24237
24245
24257
24260
24263
24275
24283
24287
24292
24296
24309
24310
24313
24318
24319
24337
24356
24367
24368
24377
24378
24379
24382
24390
24399
24412
24422
24425
24436
24437
24447
24455
24463
24464
24465
24466
24468
24470
24477
24480
24484
24498
24502
24518
24522
24526
24528
24537
24539
24542
24551
24558
24563
24566
24572
24575
24582
24583
24594
24599
24615
24616
24620
24621
24627
24649
24658
24677
24679
24694
24696
24701
24715
24723
24725
24727
24729
24735
24737
24739
24740
24752
24759
24761
24766
24768
24769
24771
24775
24776
24779
24783
24796
24805
24814
24815
24824
24826
24831
24837
24840
24843
24848
24849
24853
24863
24865
24871
24872
24883
24896
24900
24907
24917
24925
24927
24934
24935
24938
24944
24949
24967
24976
24984
24988
24989
24999
25002
25005
25006
25014
25016
25017
25033
25037
25052
25056
25069
25071
25076
25086
25087
25090
25092
25093
25094
25099
25104
25109
25115
25121
25124
25130
25131
25137
25140
25142
25149
25151
25155
25162
25163
25167
25173
25176
25180
25183
25195
25196
25201
25202
25203
25205
25208
25212
25215
25228
25239
25243
25250
25256
25262
25265
25269
25273
25285
25289
25299
25309
25326
25338
25340
25349
25352
25357
25358
25379
25400
25402
25405
25406
25409
25414
25416
25428
25431
25438
25445
25449
25455
25463
25465
25467
25482
25483
25486
25488
25495
25497
25498
25499
25504
25506
25511
25512
25519
25525
25527
25528
25542
25557
25565
25567
25575
25585
25594
25595
25596
25599
25603
25607
25611
25616
25625
25646
25647
25648
25649
25651
25657
25671
25704
25709
25720
25727
25730
25738
25739
25749
25757
25763
25796
25825
25829
25830
25834
25836
25849
25856
25861
25881
25890
25909
25915
25920
25931
25937
25943
25951
25965
25968
25974
25979
25992
25993
26001
26009
26015
26016
26024
26032
26039
26056
26058
26068
26079
26080
26087
26096
26097
26104
26113
26115
26118
26122
26123
26136
26138
26139
26153
26154
26155
26161
26170
26179
26187
26190
26198
26205
26223
26224
26227
26230
26235
26237
26239
26240
26241
26254
26255
26256
26264
26266
26267
26269
26272
26277
26282
26298
26299
26305
26307
26318
26327
26329
26332
26334
26336
26348
26349
26354
26364
26365
26370
26375
26379
26381
26392
26406
26407
26409
26412
26428
26430
26433
26436
26448
26455
26461
26485
26490
26496
26498
26504
26509
26523
26524
26529
26531
26538
26545
26551
26557
26559
26591
26593
26613
26617
26620
26622
26625
26626
26631
26642
26648
26649
26650
26654
26655
26658
26660
26668
26674
26683
26689
26698
26699
26711
26733
26735
26737
26738
26742
26751
26761
26769
26780
26782
26783
26788
26809
26810
26820
26832
26845
26846
26857
26863
26870
26876
26880
26890
26903
26907
26912
26917
26930
26935
26951
26954
26977
26996
27004
27007
27016
27017
27019
27020
27025
27027
27033
27042
27059
27060
27085
27087
27088
27092
27095
27098
27100
27101
27113
27118
27119
27130
27137
27141
27144
27147
27149
27152
27163
27169
27171
27177
27187
27204
27205
27213
27214
27216
27217
27231
27239
27250
27253
27257
27262
27274
27289
27294
27295
27299
27308
27329
27336
27344
27354
27360
27365
27369
27372
27374
27375
27382
27383
27387
27393
27394
27397
27398
27401
27404
27405
27406
27407
27424
27425
27431
27432
27434
27440
27444
27446
27447
27450
27451
27452
27454
27457
27458
27461
27464
27467
27470
27473
27489
27513
27518
27519
27525
27531
27535
27538
27541
27548
27549
27551
27570
27576
27592
27597
27598
27601
27627
27632
27637
27638
27649
27662
27679
27684
27685
27700
27707
27714
27717
27718
27730
27732
27733
27734
27750
27753
27763
27766
27770
27772
27781
27792
27799
27802
27810
27815
27820
27822
27832
27839
27847
27850
27869
27870
27876
27881
27883
27884
27888
27893
27896
27906
27907
27911
27912
27915
27918
27919
27922
27927
27936
27955
27970
27973
27975
27977
27992
28007
28011
28015
28022
28023
28033
28034
28036
28040
28054
28063
28064
28068
28071
28076
28078
28079
28083
28085
28094
28096
28104
28110
28117
28118
28119
28125
28128
28129
28130
28132
28133
28134
28142
28144
28156
28160
28172
28174
28176
28177
28180
28198
28203
28213
28214
28221
28232
28245
28251
28262
28267
28270
28284
28286
28288
28289
28290
28295
28296
28299
28302
28306
28307
28317
28331
28340
28347
28361
28367
28369
28375
28385
28386
28392
28402
28403
28404
28406
28407
28412
28414
28418
28419
28422
28428
28441
28442
28443
28456
28462
28464
28467
28473
28478
28486
28494
28510
28518
28519
28532
28571
28574
28583
28606
28607
28618
28623
28634
28647
28654
28676
28677
28679
28699
28711
28715
28716
28718
28723
28724
28765
28771
28772
28780
28784
28794
28800
28810
28812
28815
28826
28831
28833
28839
28842
28843
28845
28851
28855
28861
28878
28882
28883
28891
28893
28894
28897
28900
28902
28904
28914
28916
28917
28918
28919
28930
28938
28946
28949
28950
28986
28992
29006
29009
29010
29013
29014
29015
29027
29028
29040
29041
29042
29045
29064
29070
29075
29081
29083
29088
29097
29100
29104
29106
29113
29128
29133
29139
29161
29163
29164
29182
29187
29204
29213
29221
29224
29238
29266
29269
29278
29292
29296
29298
29301
29311
29322
29339
29348
29358
29362
29376
29378
29380
29387
29415
29424
29429
29433
29438
29441
29450
29456
29458
29459
29460
29463
29464
29466
29470
29474
29488
29496
29498
29502
29507
29513
29515
29522
29523
29530
29531
29533
29544
29545
29572
29578
29587
29591
29594
29595
29602
29613
29616
29620
29622
29624
29625
29640
29646
29648
29664
29676
29690
29698
29699
29705
29711
29715
29716
29720
29722
29729
29735
29743
29744
29748
29750
29753
29757
29758
29759
29762
29770
29792
29793
29804
29808
29812
29818
29824
29828
29834
29837
29839
29845
29850
29851
29852
29859
29862
29880
29881
29883
29887
29891
29895
29905
29908
29927
29933
29948
29954
29967
29968
29972
29978
29983
29988
29994
30002
30007
30008
30021
30031
30043
30046
30073
30077
30079
30090
30095
30104
30107
30111
30119
30121
30126
30143
30147
30153
30161
30182
30194
30197
30199
30206
30220
30223
30224
30228
30235
30237
30238
30241
30245
30247
30268
30270
30277
30293
30300
30308
30309
30326
30332
30344
30345
30355
30357
30361
30377
30380
30383
30388
30394
30395
30396
30403
30412
30413
30415
30444
30445
30467
30470
30472
30482
30483
30485
30486
30489
30500
30501
30506
30508
30510
30511
30512
30514
30523
30533
30540
30542
30544
30548
30554
30564
30565
30566
30575
30578
30579
30585
30593
30595
30598
30602
30607
30608
30619
30623
30633
30637
30654
30666
30670
30675
30686
30701
30706
30710
30746
30751
30758
30763
30766
30790
30795
30796
30808
30819
30820
30821
30824
30825
30840
30856
30857
30860
30864
30871
30876
30885
30889
30893
30897
30898
30902
30923
30926
30929
30932
30937
30940
30941
30945
30959
30960
30961
30965
30966
30972
30975
30980
30981
30999
31000
31001
31003
31009
31017
31021
31023
31029
31039
31040
31043
31054
31068
31075
31081
31085
31092
31095
31107
31108
31109
31117
31120
31138
31141
31147
31168
31174
31180
31189
31191
31212
31218
31222
31229
31248
31256
31257
31258
31270
31273
31282
31283
31289
31295
31299
31308
31309
31310
31312
31338
31348
31352
31364
31376
31389
31402
31403
31405
31416
31419
31427
31439
31449
31454
31466
31469
31470
31490
31500
31510
31515
31523
31534
31544
31556
31559
31562
31570
31579
31589
31598
31604
31608
31622
31630
31634
31635
31650
31653
31661
31686
31688
31699
31700
31702
31703
31704
31713
31725
31728
31732
31737
31746
31747
31753
31766
31768
31772
31779
31783
31785
31787
31792
31803
31815
31821
31826
31831
31838
31844
31854
31862
31865
31867
31868
31883
31887
31898
31900
31902
31907
31909
31911
31915
31923
31924
31939
31941
31944
31953
31955
31965
31973
31981
31982
31989
31993
32001
32002
32005
32010
32011
32014
32015
32019
32041
32043
32049
32052
32054
32055
32056
32060
32066
32071
32076
32079
32083
32090
32092
32093
32094
32100
32102
32103
32106
32109
32110
32112
32118
32133
32137
32140
32142
32144
32145
32154
32166
32171
32173
32175
32178
32183
32199
32202
32206
32207
32211
32218
32225
32234
32239
32242
32245
32246
32247
32248
32256
32260
32263
32271
32275
32283
32288
32289
32293
32308
32310
32311
32329
32338
32339
32343
32345
32357
32367
32380
32381
32382
32383
32386
32389
32393
32395
32399
32402
32403
32410
32414
32415
32416
32422
32423
32425
32430
32437
32449
32455
32456
32468
32469
32473
32478
32487
32491
32497
32514
32521
32527
32533
32542
32550
32560
32564
32565
32568
32574
32576
32579
32582
32585
32600
32602
32608
32609
32610
32620
32622
32623
32626
32632
32641
32643
32658
32659
32663
32665
32674
32684
32685
32697
32700
32702
32705
32706
32708
32715
32717
32724
32728
32729
32735
32750
32766
32771
32773
32775
32777
32783
32786
32790
32798
32799
32804
32812
32813
32832
32840
32841
32845
32847
32849
32874
32878
32879
32890
32891
32904
32912
32913
32914
32917
32921
32926
32929
32933
32936
32937
32949
32955
32965
32974
32978
32984
33001
33011
33022
33029
33030
33047
33050
33056
33072
33077
33083
33089
33095
33103
33111
33115
33121
33124
33126
33127
33148
33152
33157
33159
33167
33177
33181
33193
33200
33206
33217
33227
33229
33235
33237
33242
33249
33255
33259
33264
33265
33269
33274
33280
33281
33284
33289
33295
33296
33297
33310
33315
33319
33324
33325
33326
33328
33329
33343
33347
33349
33356
33359
33362
33370
33372
33373
33378
33379
33381
33392
33393
33397
33403
33404
33420
33422
33427
33432
33436
33447
33448
33453
33456
33472
33484
33486
33487
33495
33498
33500
33504
33505
33506
33507
33519
33521
33523
33525
33526
33532
33533
33535
33542
33548
33549
33574
33575
33582
33588
33594
33605
33609
33616
33627
33628
33648
33652
33655
33667
33676
33677
33678
33679
33680
33687
33689
33690
33697
33698
33699
33723
33731
33734
33752
33772
33778
33779
33787
33795
33801
33806
33808
33814
33815
33817
33829
33833
33838
33840
33854
33867
33872
33876
33878
33891
33893
33895
33898
33899
33904
33914
33917
33918
33919
33922
33926
33927
33929
33938
33940
33941
33947
33953
33954
33957
33961
33962
33970
33973
33974
33975
33981
33986
34005
34020
34025
34028
34030
34034
34037
34051
34055
34056
34059
34062
34063
34064
34065
34070
34072
34079
34081
34085
34091
34093
34095
34099
34102
34105
34108
34115
34116
34123
34128
34130
34147
34153
34156
34159
34161
34165
34166
34170
34183
34196
34205
34207
34211
34215
34217
34220
34225
34231
34240
34242
34246
34251
34256
34263
34266
34268
34280
34281
34283
34289
34295
34313
34314
34324
34335
34336
34341
34343
34351
34352
34353
34356
34357
34363
34374
34378
34385
34387
34388
34390
34391
34392
34394
34403
34405
34410
34414
34417
34418
34419
34429
34434
34435
34440
34446
34447
34453
34474
34475
34488
34513
34514
34521
34534
34535
34536
34539
34546
34563
34565
34578
34582
34587
34597
34608
34638
34642
34644
34646
34664
34673
34675
34676
34678
34681
34682
34684
34685
34686
34690
34691
34701
34710
34725
34726
34730
34733
34739
34740
34742
34753
34760
34763
34764
34769
34771
34784
34790
34791
34792
34794
34797
34800
34814
34829
34831
34833
34840
34845
34856
34880
34896
34906
34907
34917
34931
34937
34940
34942
34947
34949
34952
34953
34956
34957
34963
34964
34966
34978
34981
34989
34990
34997
35005
35013
35017
35022
35026
35032
35045
35049
35053
35073
35075
35079
35083
35085
35092
35095
35101
35104
35105
35113
35118
35125
35127
35131
35135
35142
35143
35151
35154
35158
35160
35161
35165
35168
35177
35181
35185
35187
35188
35192
35199
35206
35207
35215
35218
35244
35246
35248
35249
35256
35257
35261
35262
35264
35266
35268
35278
35285
35293
35301
35302
35306
35321
35334
35341
35344
35352
35356
35363
35367
35392
35397
35427
35430
35431
35434
35435
35441
35442
35443
35445
35446
35447
35450
35456
35461
35465
35469
35470
35478
35480
35482
35487
35488
35491
35496
35518
35519
35522
35530
35547
35562
35566
35571
35581
35585
35589
35597
35600
35601
35603
35619
35624
35626
35630
35633
35635
35638
35641
35647
35652
35653
35655
35660
35661
35682
35698
35699
35700
35702
35710
35711
35718
35723
35730
35731
35738
35744
35745
35746
35753
35755
35756
35757
35776
35781
35783
35785
35791
35801
35803
35810
35816
35823
35829
35850
35851
35853
35863
35866
35870
35876
35889
35890
35896
35902
35903
35908
35909
35917
35920
35921
35933
35935
35942
35946
35952
35963
35970
35976
35977
35981
35982
35998
36000
36004
36012
36023
36034
36036
36039
36042
36045
36048
36049
36060
36066
36071
36085
36086
36087
36088
36100
36104
36113
36122
36128
36135
36141
36160
36164
36186
36194
36203
36204
36219
36221
36222
36225
36253
36261
36262
36295
36296
36299
36304
36313
36321
36325
36329
36333
36340
36341
36342
36344
36349
36354
36377
36379
36380
36381
36384
36386
36402
36404
36410
36411
36417
36421
36422
36427
36429
36431
36440
36443
36446
36455
36459
36462
36469
36473
36474
36476
36494
36495
36496
36498
36501
36504
36506
36513
36516
36523
36524
36525
36526
36530
36542
36548
36553
36562
36564
36568
36574
36575
36577
36580
36583
36584
36596
36597
36600
36612
36614
36616
36621
36625
36627
36629
36635
36641
36649
36651
36659
36666
36667
36668
36677
36678
36679
36680
36696
36705
36707
36708
36709
36713
36715
36727
36730
36733
36738
36746
36751
36756
36770
36776
36777
36785
36790
36792
36794
36796
36799
36806
36812
36816
36817
36824
36828
36829
36834
36838
36839
36849
36854
36858
36859
36867
36869
36877
36879
36880
36882
36884
36894
36897
36900
36907
36912
36917
36920
36922
36923
36928
36936
36938
36942
36950
36958
36959
36971
36972
36973
36983
36988
36993
36994
37002
37009
37010
37011
37014
37017
37018
37020
37029
37040
37048
37053
37058
37059
37060
37067
37069
37072
37083
37090
37101
37102
37106
37107
37114
37119
37120
37127
37132
37136
37140
37142
37150
37153
37158
37161
37164
37166
37167
37169
37177
37182
37191
37193
37203
37214
37216
37219
37237
37241
37243
37251
37256
37268
37269
37279
37291
37296
37297
37299
37300
37311
37317
37327
37328
37345
37354
37355
37356
37360
37362
37367
37368
37369
37373
37374
37383
37385
37388
37393
37394
37398
37399
37400
37405
37407
37410
37411
37414
37416
37417
37419
37420
37429
37435
37437
37452
37456
37460
37466
37468
37469
37471
37477
37486
37491
37496
37497
37499
37506
37512
37513
37522
37529
37532
37537
37542
37554
37559
37563
37564
37566
37570
37571
37577
37580
37584
37585
37593
37597
37603
37605
37606
37611
37622
37628
37632
37633
37635
37636
37643
37646
37647
37653
37657
37658
37661
37678
37680
37688
37693
37694
37695
37696
37697
37701
37702
37705
37709
37710
37712
37727
37729
37731
37735
37737
37739
37744
37745
37759
37760
37765
37769
37770
37775
37779
37789
37795
37801
37810
37820
37826
37827
37829
37835
37847
37849
37850
37854
37855
37859
37866
37872
37873
37879
37880
37885
37891
37892
37896
37907
37912
37914
37917
37927
37928
37936
37939
37944
37950
37962
37963
37967
37969
37974
37975
37981
37983
37989
38003
38010
38015
38016
38017
38020
38027
38028
38029
38032
38056
38057
38060
38062
38066
38070
38073
38093
38108
38110
38113
38114
38116
38122
38123
38138
38141
38147
38151
38173
38180
38186
38188
38196
38214
38215
38216
38217
38232
38234
38235
38238
38241
38242
38250
38254
38263
38274
38280
38284
38286
38305
38309
38313
38317
38320
38322
38325
38327
38328
38342
38354
38355
38357
38359
38363
38364
38365
38370
38371
38386
38389
38392
38402
38404
38413
38418
38420
38423
38426
38433
38444
38446
38458
38461
38473
38475
38487
38500
38506
38511
38513
38515
38519
38521
38524
38530
38542
38544
38550
38551
38555
38557
38571
38574
38578
38584
38585
38591
38593
38595
38596
38601
38612
38614
38632
38633
38636
38639
38642
38650
38652
38667
38668
38674
38675
38676
38685
38694
38696
38704
38710
38711
38731
38734
38742
38743
38746
38755
38761
38763
38766
38767
38771
38777
38781
38782
38790
38800
38804
38807
38811
38813
38815
38822
38825
38839
38842
38844
38850
38851
38853
38856
38860
38861
38864
38873
38880
38882
38886
38890
38892
38894
38900
38906
38911
38912
38922
38923
38924
38926
38928
38930
38931
38932
38936
38938
38942
38956
38965
38966
38970
38973
38975
38978
38982
38994
38995
39004
39006
39015
39021
39027
39029
39030
39032
39036
39047
39048
39049
39055
39060
39063
39067
39069
39075
39080
39084
39085
39087
39091
39096
39101
39105
39106
39107
39108
39112
39113
39115
39117
39118
39120
39121
39122
39129
39130
39132
39133
39136
39139
39144
39145
39150
39154
39155
39156
39157
39158
39159
39162
39173
39178
39180
39182
39183
39188
39191
39197
39198
39199
39202
39207
39209
39217
39221
39224
39225
39228
39230
39231
39232
39243
39245
39249
39251
39253
39255
39256
39258
39259
39260
39266
39267
39270
39271
39272
39275
39276
39277
39279
39282
39287
39288
39289
39290
39291
39297
39299
39303
39305
39307
39308
39309
39310
39313
39315
39316
39320
39321
39323
39324
39326
39327
39330
39331
39333
39336
39338
39339
39343
39344
39348
39351
39352
39354
39360
39364
39365
39368
39370
39375
39376
39378
39384
39385
39386
39387
39389
39392
39393
39398
39400
39406
39407
39408
39409
39415
39422
39423
39427
39432
39440
39442
39443
39444
39447
39448
39449
39450
39452
39454
39456
39458
39459
39461
39464
39465
39467
39469
39472
39474
39476
39478
39483
39486
39487
39489
39492
39493
39494
39495
39496
39498
39500
39502
39503
39508
39510
39511
39513
39515
39517
39518
39521
39522
39523
39524
39533
39539
39540
39541
39542
39543
39545
39547
39549
39553
39556
39559
39560
39564
39566
39567
39573
39574
39575
39578
39579
39580
39582
39587
39592
39595
39598
39599
39600
39604
39611
39612
39616
39618
39622
39626
39629
39631
39632
39634
39635
39639
39640
39647
39648
39651
39656
39657
39665
39668
39671
39672
39674
39677
39682
39683
39685
39686
39691
39693
39694
39695
39697
39705
39706
39707
39708
39710
39713
39715
39716
39717
39718
39727
39732
39734
39737
39738
39741
39742
39746
39750
39751
39753
39755
39757
39758
39762
39764
39766
39767
39770
39771
39775
39776
39782
39784
39785
39786
39790
39794
39795
39797
39803
39804
39806
39814
39818
39819
39820
39821
39825
39828
39831
39832
39833
39834
39835
39836
39837
39838
39840
39844
39847
39848
39853
39857
39858
39859
39864
39869
39871
39875
39879
39886
39887
39889
39891
39892
39894
39896
39897
39899
39900
39901
39904
39905
39906
39907
39909
39910
39911
39912
39914
39916
39918
39921
39923
39924
39925
39928
39929
39930
39934
39935
39936
39939
39941
39942
39943
39944
39947
39948
39950
39954
39955
39957
39959
39964
39965
39966
39967
39969
39970
39971
39975
39978
39982
39983
39990
39991
39992
39993
39999
40004
40016
40023
40024
40025
40030
40033
40034
40035
40041
40045
40050
40052
40054
40055
40060
40063
40072
40073
40075
40076
40078
40086
40087
40090
40093
40094
40095
40097
40098
40099
40101
40102
40103
40106
40110
40114
40118
40120
40122
40123
40126
40127
40129
40131
40132
40133
40137
40142
40143
40144
40147
40152
40155
40157
40164
40166
40171
40174
40182
40185
40186
40188
40192
40198
40202
40206
40207
40213
40217
40218
40225
40229
40231
40232
40236
40238
40241
40245
40248
40249
40252
40256
40258
40259
40268
40272
40273
40275
40280
40282
40283
40286
40291
40292
40294
40295
40297
40298
40299
40301
40304
40311
40313
40315
40317
40324
40329
40330
40333
40335
40338
40341
40342
40343
40344
40345
40347
40348
40349
40350
40351
40353
40357
40358
40359
40360
40364
40369
40371
40375
40378
40380
40381
40385
40386
40387
40388
40391
40393
40395
40407
40409
40410
40414
40416
40421
40427
40428
40430
40435
40441
40443
40444
40449
40451
40452
40453
40455
40456
40460
40464
40465
40466
40468
40471
40476
40478
40481
40485
40491
40495
40499
40500
40503
40504
40505
40507
40512
40515
40517
40520
40522
40524
40527
40531
40534
40538
40539
40544
40546
40547
40553
40554
40559
40561
40566
40567
40568
40572
40573
40575
40581
40585
40586
40587
40591
40596
40598
40600
40606
40607
40608
40609
40613
40618
40624
40635
40637
40639
40643
40645
40646
40647
40649
40650
40655
40657
40659
40662
40664
40665
40667
40668
40671
40673
40679
40681
40683
40685
40686
40698
40699
40702
40703
40704
40707
40710
40712
40714
40718
40720
40727
40728
40729
40732
40733
40739
40746
40751
40753
40755
40756
40757
40759
40760
40761
40763
40764
40770
40771
40774
40776
40778
40789
40790
40793
40794
40795
40796
40797
40800
40802
40811
40813
40818
40821
40824
40826
40829
40836
40845
40847
40848
40860
40864
40869
40873
40875
40877
40879
40881
40884
40885
40890
40895
40896
40900
40902
40904
40908
40910
40913
40914
40915
40916
40917
40923
40925
40927
40929
40931
40933
40935
40940
40941
40943
40945
40948
40951
40953
40956
40958
40959
40960
40963
40966
40969
40973
40974
40976
40984
40985
40986
40988
40993
40997
41001
41004
41006
41007
41008
41009
41011
41014
41020
41021
41022
41026
41031
41032
41033
41036
41039
41041
41046
41047
41051
41055
41061
41062
41064
41066
41069
41070
41076
41077
41079
41080
41082
41084
41088
41090
41097
41098
41101
41105
41109
41110
41115
41119
41120
41122
41129
41132
41133
41137
41141
41142
41143
41144
41145
41148
41149
41150
41154
41155
41157
41161
41163
41164
41179
41180
41182
41184
41186
41187
41190
41191
41192
41197
41201
41202
41204
41206
41208
41210
41211
41212
41215
41219
41222
41223
41225
41230
41233
41235
41236
41237
41239
41247
41249
41251
41254
41256
41264
41265
41266
41270
41271
41272
41274
41279
41288
41292
41295
41296
41299
41301
41303
41307
41309
41312
41315
41323
41326
41333
41334
41339
41341
41342
41343
41350
41351
41352
41355
41357
41358
41363
41366
41367
41370
41374
41386
41387
41388
41390
41391
41392
41395
41399
41407
41409
41422
41424
41438
41439
41448
41456
41461
41465
41468
41474
41476
41478
41479
41480
41485
41488
41489
41491
41500
41501
41503
41505
41506
41521
41522
41524
41525
41526
41534
41540
41543
41548
41551
41554
41562
41563
41566
41574
41575
41576
41577
41578
41581
41586
41589
41591
41595
41596
41611
41617
41618
41621
41622
41623
41625
41633
41640
41643
41644
41646
41649
41650
41652
41656
41664
41665
41671
41672
41679
41684
41689
41690
41692
41698
41700
41704
41708
41709
41710
41711
41712
41713
41719
41720
41726
41738
41743
41747
41755
41781
41783
41785
41794
41795
41807
41808
41823
41827
41829
41832
41840
41844
41856
41857
41865
41867
41873
41876
41878
41880
41881
41896
41898
41899
41903
41909
41910
41912
41920
41922
41927
41928
41929
41930
41935
41936
41940
41941
41942
41949
41950
41960
41963
41967
41983
41985
41987
41992
42001
42003
42004
42011
42012
42015
42016
42017
42020
42023
42024
42027
42036
42038
42041
42042
42043
42047
42050
42052
42053
42055
42056
42059
42070
42077
42085
42088
42092
42096
42097
42103
42107
42109
42112
42114
42125
42130
42137
42142
42143
42145
42148
42149
42156
42166
42167
42173
42174
42176
42179
42185
42190
42193
42195
42197
42201
42207
42210
42211
42212
42214
42216
42224
42231
42236
42239
42243
42252
42255
42258
42260
42261
42273
42274
42275
42279
42280
42281
42285
42286
42289
42295
42306
42307
42311
42316
42326
42329
42334
42341
42343
42347
42349
42356
42367
42369
42371
42372
42373
42382
42385
42386
42395
42396
42400
42403
42407
42410
42411
42412
42417
42420
42424
42426
42427
42428
42436
42437
42439
42441
42443
42445
42446
42448
42453
42456
42458
42460
42465
42467
42473
42474
42484
42485
42487
42492
42496
42497
42500
42503
42506
42509
42522
42523
42527
42530
42532
42539
42540
42553
42557
42562
42568
42570
42571
42579
42583
42587
42589
42595
42609
42614
42616
42619
42623
42626
42628
42632
42637
42649
42651
42652
42656
42660
42662
42672
42673
42677
42683
42686
42687
42688
42690
42696
42714
42717
42719
42722
42723
42726
42728
42736
42737
42744
42745
42746
42753
42755
42761
42763
42765
42768
42769
42775
42779
42782
42786
42787
42788
42791
42801
42805
42813
42825
42826
42827
42828
42834
42838
42843
42845
42854
42856
42858
42861
42870
42871
42873
42884
42889
42890
42892
42896
42899
42903
42905
42906
42908
42910
42919
42926
42927
42931
42932
42935
42946
42960
42963
42964
42965
42966
42970
42974
42979
42986
42987
42994
43001
43002
43003
43006
43007
43009
43010
43011
43012
43023
43029
43033
43044
43049
43052
43053
43054
43055
43056
43060
43064
43065
43069
43076
43078
43079
43089
43090
43092
43093
43095
43102
43111
43113
43118
43119
43125
43127
43128
43135
43139
43141
43145
43149
43162
43164
43166
43167
43168
43171
43173
43174
43181
43185
43207
43221
43228
43229
43235
43245
43246
43247
43252
43258
43264
43266
43268
43272
43279
43282
43288
43292
43296
43298
43302
43304
43310
43311
43312
43323
43325
43326
43329
43339
43341
43345
43346
43350
43354
43356
43358
43362
43365
43367
43370
43373
43376
43377
43378
43381
43386
43388
43389
43393
43398
43400
43402
43404
43406
43407
43414
43416
43417
43421
43426
43430
43439
43441
43442
43443
43446
43452
43453
43456
43459
43460
43464
43465
43468
43469
43470
43471
43475
43480
43486
43491
43497
43499
43502
43503
43506
43508
43510
43511
43518
43519
43520
43522
43527
43531
43538
43547
43548
43550
43551
43552
43558
43563
43564
43571
43574
43576
43580
43584
43592
43595
43599
43605
43610
43612
43613
43614
43618
43621
43624
43625
43627
43631
43635
43639
43643
43644
43645
43651
43655
43659
43662
43663
43665
43666
43668
43669
43670
43672
43673
43676
43685
43687
43697
43698
43699
43703
43706
43712
43713
43718
43720
43726
43727
43728
43731
43732
43738
43741
43743
43745
43749
43751
43756
43757
43761
43763
43768
43770
43772
43773
43774
43777
43782
43783
43785
43787
43789
43790
43791
43801
43803
43805
43810
43822
43823
43824
43832
43836
43837
43839
43840
43841
43842
43844
43848
43849
43852
43853
43856
43858
43862
43863
43864
43865
43866
43871
43875
43879
43881
43882
43883
43887
43890
43892
43894
43895
43898
43899
43901
43904
43906
43915
43917
43918
43920
43921
43925
43930
43931
43933
43941
43942
43943
43944
43947
43948
43951
43954
43955
43959
43961
43968
43969
43973
43974
43976
43980
43981
43985
43987
43988
43991
43992
43996
43997
43999
44000
44007
44012
44013
44017
44019
44022
44028
44030
44033
44038
44040
44042
44045
44046
44050
44056
44057
44058
44060
44061
44062
44063
44065
44067
44070
44071
44072
44073
44074
44075
44078
44079
44082
44083
44085
44088
44089
44093
44101
44102
44111
44113
44117
44125
44126
44127
44128
44134
44135
44137
44140
44143
44145
44147
44150
44151
44155
44159
44161
44165
44167
44168
44170
44171
44179
44181
44189
44193
44199
44201
44205
44209
44215
44216
44220
44224
44225
44226
44227
44228
44232
44234
44235
44236
44237
44239
44241
44242
44248
44249
44250
44252
44253
9818
15033
30747
1392
15189
16055
42435
5933
6971
10467
22739
31397
41086
4280
4527
5436
6677
7000
7390
9522
11553
21595
25699
32009
39882
40815
944
4703
5051
5653
11584
19255
22783
23873
24963
27817
28482
35375
41580
6608
7824
10964
13039
14125
22095
23426
28059
35888
1241
4717
6643
7108
7393
11729
14026
19745
20397
28995
37049
44097
197
274
1699
9921
10094
13610
13894
17340
17484
18994
22585
23103
23691
24857
35901
37691
37970
38000
39890
1430
2086
8300
8436
21446
35614
1554
2009
9407
11110
12641
13279
14232
14582
16292
19132
23128
27120
33915
39345
5297
12570
13105
14801
19851
20117
20238
20376
22123
28115
30818
31681
32132
32716
34167
1874
2159
2472
4470
8247
8522
9373
9432
9955
12191
12928
13584
14849
17931
21625
21649
26275
26547
27276
30963
38152
42312
1529
2544
4762
5289
6237
8457
11327
14230
14890
15129
15156
16293
19492
20435
21276
23558
30985
31624
32208
32513
32642
33780
34060
36419
42909
43061
100
3110
3548
4451
5836
8954
12419
13417
15037
16880
17053
17242
17998
19035
19731
22062
26600
27306
29271
30802
31322
31990
33158
34309
34377
34950
35034
35689
36263
37321
37382
37402
41572
42516
0
530
1081
1668
2209
3258
6644
7069
7105
7728
7964
9664
10593
12437
12526
12597
12768
13435
13486
14669
14838
15283
15829
16276
18536
19885
22650
23772
26715
26851
27046
27271
28570
29114
31100
31507
41953
41999
1
1416
2902
3912
4035
5491
10377
10499
12262
14695
16326
17588
18010
23418
27738
28310
29427
30354
32922
33004
33674
34868
36654
36845
39913
40028
496
1694
2290
3123
3740
3745
5737
5864
5952
6735
7510
7842
8633
9916
12807
13025
13762
14414
15546
17970
18382
18826
20502
22105
22287
22661
25564
25627
26090
27226
27246
28472
28658
29189
30067
32319
33361
35129
35132
35775
36482
36618
37234
37797
38867
42573
377
1206
6041
6461
6624
7129
9172
9679
9871
10507
10686
11920
11951
12500
13701
14163
15128
15641
15657
16007
17382
18780
20302
20354
20403
20519
21003
21723
21952
22796
23951
24208
24291
29842
30868
31508
32061
32888
35640
36739
36911
37043
37853
38644
38649
38915
39028
39058
40021
40459
42823
44010
44169
138
167
1610
1941
2827
3478
4094
5711
6498
6614
7722
7867
9588
9610
11269
11276
11328
13364
14675
15078
16099
16430
17619
18299
18638
19110
19537
19969
20597
22819
23134
24903
26921
27465
27940
30006
31281
34276
36201
36658
37851
38097
38669
41786
43966
577
1368
1452
1981
3800
4133
5588
7670
8576
9063
10594
11224
11412
13709
15361
15765
17798
