user_id
1544
1566
1580
1591
1625
1974
1989
2042
2067
2129
2190
2223
2251
2269
2428
2727
2874
2881
3205
3287
3324
3334
3388
3410
4079
4103
4131
4215
4307
4357
4466
4472
4593
4658
4746
4889
4931
5123
5263
5305
5408
5497
5508
5563
5682
5728
5776
5785
5998
6269
6330
6346
6442
6457
6490
6755
6793
6831
6862
7004
7216
7298
7696
7741
7746
7754
7776
7803
7807
7817
7952
7990
8038
8123
8253
8299
8305
8494
8703
8788
8799
8837
8893
9138
9170
9234
9246
9326
9418
9485
9491
9499
9511
9608
9730
9745
9853
9886
10027
10154
10291
10337
10446
10549
10658
10674
10709
10734
10739
10883
11161
11163
11232
11337
11387
11480
11491
11555
11608
11632
11750
11773
11809
11844
11930
12069
12142
12277
12330
12469
12470
12578
12759
12820
12995
13314
13432
13517
13665
13794
13892
14138
14181
14281
14286
14318
14331
14361
15034
15190
15224
15357
15359
15381
15573
15699
15767
15779
15831
15849
15930
15951
16176
16275
16306
16353
16357
16370
16454
16563
16617
16676
16677
16717
16853
16885
16891
17005
17034
17067
17128
17349
17369
17375
17437
17482
17645
17738
17910
18030
18138
18229
18316
18387
18478
18659
18694
18852
18925
18949
19233
19275
19301
19395
19456
19487
19543
19574
19713
19869
19891
19904
20050
20093
20157
20180
20306
20865
20877
20983
21084
21249
21251
21285
21314
21408
21419
21492
21586
21631
21655
21680
21718
21806
21883
22209
22413
22470
22488
22516
22584
22687
22746
22758
22800
22828
22829
22949
22990
23165
23263
23309
23495
23703
23729
23767
23822
23851
23876
23881
23993
24294
24479
24485
24567
24767
24808
25000
25084
25096
25106
25235
25434
25471
25478
25583
25588
25598
25872
26029
26049
26133
26141
26184
26398
26432
26502
26750
26776
26961
27032
27112
27202
27259
27288
27441
27500
27599
27653
27830
27882
28030
28171
28190
28279
28465
28579
28708
28829
29200
29308
29325
29392
29405
29408
29490
29633
29849
29941
29947
29965
29980
29991
29997
30016
30273
30275
30347
30555
30571
30590
30591
30615
30631
30643
30648
30729
30752
30917
30953
31058
31238
31291
31532
31616
31664
31680
31816
31878
32205
32363
32586
32689
32817
32859
32864
33105
33125
33155
33178
33180
33204
33246
33405
33425
33457
33491
33570
33621
33661
33682
33719
33794
33889
33949
34039
34040
34119
34189
34232
34233
34305
34500
34555
34577
34595
34634
34724
34778
34855
35051
35275
35323
35372
35433
35481
35625
35830
35855
35938
36031
36040
36152
36303
36307
36397
36406
36414
36433
36442
36514
36573
36607
36683
36741
36759
37019
37087
37095
37135
37141
37212
37434
37457
37459
37517
37527
37716
37749
37824
37883
37899
37915
37977
38087
38179
38375
38385
38498
38661
38722
38725
38914
39399
39558
39666
40307
40337
40394
40454
40488
40617
40689
40738
40780
40899
40947
41300
41632
41645
41675
41707
41821
41833
41923
41924
41944
41958
42131
42389
42397
42463
42549
42612
42678
42800
42888
42904
42941
42952
43105
43116
43123
43172
43241
43424
43478
43554
43594
43753
43876
43884
43970
44100
44136
44153
5158
7656
13842
21636
22234
23698
30772
32295
3594
21768
22682
25916
27836
34863
38871
257
1313
5472
10233
10398
16104
18471
18681
18965
19779
19936
20116
20224
24216
27578
30243
31335
38219
41993
43650
375
622
3712
4902
5642
5913
6746
7250
10025
10665
14406
17138
19009
19562
21287
21474
21639
21969
23481
23513
26225
27131
27771
28247
30594
31833
32312
33262
33767
37663
37718
38293
38898
43348
888
2822
4969
5238
5721
8851
10087
10451
11853
12753
12772
13615
13910
14983
19203
20235
22510
22587
23469
23909
24272
24376
24867
25105
25310
26022
26816
27184
29030
29445
31035
31788
31952
33278
33395
33413
34023
34155
35649
35750
36273
36974
37888
42215
42419
42604
43101
11329
18441
20365
23234
23971
24859
26639
26873
31243
37160
37515
40250
96
360
657
1014
1716
2256
2672
2921
3690
4004
4154
4707
4727
4942
5824
6381
7429
7654
7745
8264
8400
8617
8960
9066
9844
10371
10656
10908
11485
11679
12222
12326
13320
13376
13745
13812
14176
14258
14263
14378
14383
14389
14570
14835
14876
14992
15676
15836
16752
16755
16766
17014
17120
17852
17892
20111
20257
20258
20688
22046
22282
22511
22779
23109
23256
23646
23696
26344
26716
27191
27587
27838
27866
28208
28345
28965
29253
30211
30254
30877
30895
30946
31286
32099
32471
33434
33735
33744
33923
33988
34026
34438
34692
35043
36465
37225
37387
38160
38185
38545
38699
41799
41842
42429
42833
43041
43324
43405
43652
43677
9032
324
381
3941
5883
12505
12732
12796
17381
17962
19499
19827
20583
21776
23155
23919
25758
27735
28314
29270
32522
35701
36025
36120
38910
39008
40411
41904
9120
9564
20553
23843
29091
30179
35230
43107
135
435
539
662
1123
1265
1953
2005
2146
2322
2401
2752
2806
2857
2864
3088
3126
3477
3776
3864
3921
4315
4362
4391
4399
4411
4444
4579
4654
4687
4721
4819
5374
5505
5752
5867
5976
6243
6326
6376
7412
7632
8099
8161
8274
8363
8899
8938
8957
9273
9639
9910
10136
10437
10463
10660
10714
11382
11650
11889
11927
12365
12374
12509
12558
12630
12867
13210
13357
13365
13460
13518
13602
13809
13903
14005
14342
14373
14380
14746
14840
14904
14912
14960
15440
15516
15627
16059
16187
16703
16984
17226
17235
17457
17547
17584
17683
17890
18111
18130
18248
18574
18591
18624
18931
18997
19026
19087
19646
19732
20124
20689
20978
21100
21220
21954
22384
22503
22553
22625
22631
22651
22676
22831
22963
22996
23036
23515
23638
24123
24268
24346
24352
24703
24773
25044
25108
25408
25639
25655
25670
25804
25949
25963
26013
26135
26283
26558
26759
27003
27090
27225
27623
27729
27776
28212
28366
28445
28541
28719
28864
29564
29788
29836
29844
29910
29969
30024
30292
30498
30640
30717
30724
30745
30968
31198
31814
32058
32059
32129
32444
32695
32785
33279
33477
33511
33754
33769
33774
34219
34477
35175
35193
35384
35398
35588
35784
35915
35924
36030
36255
36797
37085
37319
37681
37772
37818
38090
38275
38302
38343
38806
38826
38843
39334
40013
40048
40051
40489
40565
40825
41359
41426
41434
41482
41509
41715
41780
42026
42123
42246
42271
42590
42669
43038
43262
43485
43616
44191
44245
4569
9175
15654
17193
18415
25161
26944
35097
40346
2990
6130
11581
20681
22261
23282
25169
26459
27539
27657
30369
31506
35867
37016
40255
41483
2288
2667
2712
3234
3378
3482
4340
5111
5364
5566
5582
6379
6945
8758
9071
10332
11390
12234
13123
13711
13830
14812
15547
15773
16121
16786
18207
18481
18729
18811
19534
19683
20200
20451
20598
20938
21135
21917
23389
25450
26197
26425
26493
26568
28102
28106
28356
29102
31324
31584
31901
32007
32053
33160
33466
34134
34561
35663
37882
38178
38957
39401
40059
41297
41384
41520
41605
42181
42232
43004
43458
12242
34049
36115
1812
1943
3323
3465
3503
4551
5347
7489
7850
10953
11654
15538
17531
17585
20377
20537
20580
26152
27282
27574
27879
29195
29336
29527
29817
33446
34875
37768
39845
904
6044
8984
9114
15855
16229
17830
19119
19225
20530
21308
25659
27710
31315
32286
33837
39273
42002
43539
2309
13635
18422
24431
26627
26938
28520
224
251
327
529
541
668
766
988
1233
1245
1301
1612
1837
1909
1960
2025
2115
2402
3122
3273
3279
3284
3609
3678
3988
4194
4464
4841
4929
5082
5097
5331
5961
5970
6091
6380
6476
6521
6903
7080
7178
7445
7966
8028
8105
8325
8582
8643
8891
9873
9928
10185
10571
10670
11400
11962
12064
12082
12211
12279
12294
12399
12885
13117
13155
13541
13864
14289
14316
14393
14616
14718
14729
14900
14942
15097
15510
15725
15798
16525
16995
17189
17266
17300
17394
18458
19124
19133
19235
19240
19286
19331
19441
19471
19480
19752
20001
20098
20781
20922
20941
21011
21083
21359
21368
21531
21582
22093
22307
22358
22427
22646
22648
22982
23183
23561
23893
23968
24050
24270
24644
24879
25420
25444
25865
26326
26435
26814
26827
27402
27612
28651
28901
28957
29273
30030
30801
30817
31517
31612
31914
31958
32034
32069
32097
32644
32941
33318
33320
33644
33656
33793
33860
34084
34248
34312
34601
34618
34918
35297
35362
35407
35508
35910
36158
36921
37082
37146
37233
37502
37523
37645
37722
37785
37918
37995
38068
38091
38339
38411
38877
38909
39142
39206
39416
39696
39743
40216
40716
40862
40898
41087
41556
41619
41759
42164
42315
42438
42554
42563
42880
43206
43224
43286
43328
43815
43886
44014
20561
26964
29276
3527
6489
9975
10340
11907
13599
20879
21809
24006
28508
28848
31220
33443
37949
43935
853
3911
7615
10542
10685
13047
14973
17579
20091
24135
26322
26475
27343
31025
31235
31948
32391
32577
1028
2382
5702
5798
6530
8194
8533
8602
9374
9495
9658
10078
12788
12898
13135
17198
18603
18692
21033
22069
24741
26739
29285
29707
31104
31765
32633
33561
33641
33936
37270
38129
38465
38518
40817
42317
3472
6645
7685
15918
17929
18559
23660
25377
35577
38987
600
637
2189
2197
2838
3025
3041
3534
3644
4250
4826
5489
5604
5644
6696
6737
6929
7512
7727
7798
8263
8440
8584
8880
8999
9162
9327
9514
9743
10191
10288
10663
12072
12105
12954
13175
13483
14392
14480
14786
15277
15754
16061
16335
16867
17137
18041
18448
19334
19454
19468
20387
20573
21701
21937
22011
22389
22769
22846
22929
23329
23577
23955
24018
25059
25158
25638
26673
26760
26894
27054
27335
27743
27828
28268
28312
28341
28480
28731
29428
30212
30805
31390
34094
34603
37093
38300
38377
38434
38797
39176
39719
40571
41114
41170
41688
41971
42676
42797
42811
43098
43297
43873
9399
16854
31414
31804
40057
40666
207
345
403
1177
2830
4600
6983
8842
9710
12527
13085
13730
14039
17175
20494
21295
24650
25469
26064
26768
28998
29286
30618
32196
32457
32712
34802
35009
36960
38401
42018
42342
43039
44055
890
4578
5862
14410
15373
15885
19038
20176
20230
23975
28712
31847
35712
38568
3686
7466
1657
1963
2410
2652
2924
3016
3176
3483
3956
4710
4963
5273
6038
6144
6944
7871
7949
8103
9029
9159
10482
10551
11032
11312
11576
11894
12396
12483
12608
12881
13503
14711
14740
15073
15310
15496
15596
16080
16228
16392
17252
18649
18690
18783
18908
19114
19592
20076
20383
20567
20886
21020
21076
21711
22477
22700
22905
23056
23444
23548
23584
23901
24282
24510
24844
25868
26099
26110
26916
28791
29093
29169
29710
31278
31408
32008
32940
33128
33965
34491
34835
35627
36348
36511
36672
37211
38183
38634
38729
39359
39614
40169
40804
40999
41248
41429
43273
43642
43929
44177
1605
5772
10024
19551
21877
25853
2719
5343
8510
9024
12186
12697
15520
17333
18379
23281
24345
25260
26075
27277
28352
29800
32464
33964
35646
36057
37144
38678
267
2740
2784
5348
5528
6124
6141
6491
6542
6603
6716
7882
7940
8362
9731
10901
11137
12050
12369
12464
12731
13040
13396
13960
15067
15350
15591
16858
17574
18519
19221
20466
21488
22678
23722
23741
24453
27223
28098
29796
29946
30728
30793
31501
35516
35688
35771
36512
38046
38079
38247
40523
41242
42711
6693
7320
9126
9203
10182
12264
14489
16931
17661
23992
24738
29626
29660
30505
30884
30951
31106
31853
31979
34706
34889
34948
36032
36755
38503
1761
15893
18332
22993
89
238
308
332
376
719
1005
1359
1484
1962
2051
2072
2093
2320
2489
2613
2628
2641
2656
2729
2951
3422
3551
3830
3996
4523
4753
4842
5221
5479
5694
5758
5931
6160
6226
6266
6277
6573
6760
6921
7119
7322
7383
7521
7523
7610
7957
8078
8133
8171
8308
8824
9238
9296
9445
9628
9798
10430
11013
11071
11347
11356
11509
11612
11724
11776
12413
12561
12786
13024
13472
13617
13638
13935
14037
14112
14437
14617
14732
15039
15387
15757
15920
15936
16118
16284
16298
16343
16585
16715
17399
17463
17975
18081
18501
18556
18775
18781
18797
18880
18962
19093
19121
19144
19336
19514
19782
19808
20065
20300
20369
20375
20393
20592
20697
20950
21097
21102
21274
21349
21607
21653
21858
21922
22203
22863
22997
23098
23210
23432
23457
23477
23543
23718
23750
23776
23819
23857
23866
23874
23905
23987
24040
24149
24408
24443
24618
24633
24996
25190
25303
25366
25533
25924
26303
26565
26598
26952
26983
26987
27116
27363
27437
27654
27821
27942
28122
28254
28372
28619
28886
29313
29389
29693
29827
29870
30123
30140
30339
30454
30541
30935
31305
31404
31450
31758
31806
31860
31877
31985
32192
32250
32515
32517
32640
32988
33492
33517
33602
33858
34145
34594
34604
34616
34620
34643
34915
35221
35304
35325
35436
35459
35507
36019
36103
36647
36808
36826
36952
37008
37051
37672
37997
38075
38146
38272
38324
38508
39625
39649
40199
40363
40588
41127
41227
41555
42220
42264
42399
42610
42809
42901
42998
43134
43476
43938
44003
1823
6877
17613
19509
1247
3646
3812
5279
16823
24151
37919
38353
39455
44162
469
3101
3787
4755
6701
7907
10939
11023
11593
11862
12304
14398
16714
18186
18682
18864
21585
21671
22055
22146
23753
26341
27754
27962
28411
28936
30198
31882
32619
32691
34383
34566
34632
35680
37450
37625
38124
38379
42009
2995
7825
11060
18224
21049
23133
26653
37424
23
740
817
1758
1998
2709
2983
3056
3349
4237
4494
4586
5125
5208
5295
5641
5726
6168
6995
7095
7962
8279
8333
8747
8767
8812
9341
9535
9792
9849
9866
10230
10381
10410
10817
10987
11005
11392
12295
12771
12799
13082
14006
14136
14340
14394
14505
14554
14855
15038
15399
15462
15513
15556
15642
16115
16318
16727
17690
18098
18150
18211
18674
18760
19001
19127
19893
20292
20334
20671
20919
21193
22124
22145
22594
22681
22777
22892
23308
24728
24845
25141
25971
25997
26319
26604
27079
28304
28970
29134
29542
29919
30202
30878
31157
31609
31840
31945
32073
32296
32636
32639
32670
32900
33014
33144
33165
33710
33791
33907
33942
34047
34580
34852
34879
34898
34919
34992
35120
35381
35474
35599
36259
36646
36874
37341
37582
37667
37973
38140
38334
38400
38664
38715
39322
39643
39979
40234
40399
40636
40840
41278
41481
43225
43306
43380
43397
43408
43647
43914
528
6323
10590
15394
18221
25135
27809
35220
37326
1780
6385
10065
10213
12388
13028
14014
17217
17433
17644
20605
22754
27842
27867
28162
32711
33737
34346
35651
36528
38064
38875
40450
16477
16929
27701
35533
35565
691
1388
1399
1868
2202
2323
2603
3194
4092
4171
4894
5426
5458
5674
5868
6115
6745
8342
9307
10011
10178
10370
10811
11570
11749
12058
12518
12892
12918
12926
13152
13507
13781
13826
13996
14511
14659
14991
15095
15739
16307
16935
17698
17995
18079
18171
18360
18920
18969
20118
20138
20246
20624
20661
21095
21109
21686
22734
22843
22964
23077
23185
23594
23624
24015
24495
25065
25425
26242
26583
26773
27621
27698
27968
28067
28226
28530
29248
29580
29935
30015
30509
30636
33465
35444
35639
36545
36554
36778
37812
38054
38291
39062
40634
41894
43290
43412
43767
44069
44094
12040
18242
562
2783
3362
5820
8860
9069
9298
12535
14091
15726
16442
17208
17771
22918
30011
35439
37181
584
3543
3728
4039
4476
5316
6095
6882
7349
8742
8766
9009
9516
9949
10228
10898
10949
11647
12099
12282
12654
12827
13837
14403
14424
14761
15424
15501
15617
15958
16218
16522
16836
17625
18367
18402
18451
18680
19753
19889
20128
20757
21025
21931
23148
23765
24001
24259
24489
25282
25329
25582
25586
25589
25691
26111
27554
27751
28145
28161
28236
28495
29099
31087
32348
32486
32952
33499
33558
35338
35769
36095
36114
37187
37201
37220
37947
38798
39839
40053
42449
42689
42930
43015
43154
43360
43449
43534
43784
1219
20992
28799
30168
31850
35528
41868
1157
1959
2522
2678
2818
3058
4084
4152
4572
5103
5727
7899
8507
9113
9480
10046
10062
10117
10369
10969
11658
12416
12548
13132
13354
13948
13999
14710
15297
15868
17689
17994
18347
19845
20028
20059
20088
20469
20699
20824
20923
22044
23522
25986
26822
27342
27420
27813
27952
30029
30811
30844
31211
31461
32232
34723
35642
36485
38266
43754
12884
27084
264
1097
1436
1825
1952
2252
3883
5405
5845
5899
7154
7339
8041
10336
10598
10697
12193
12515
12976
13465
13753
14750
16305
17701
17734
18126
18362
18436
18708
19185
19360
19846
19897
20916
21315
21456
21672
23754
24948
25042
25456
26249
26295
26423
26682
26756
27179
27667
28503
28656
28906
30693
31361
32769
32871
33388
33538
34762
35396
36691
37273
37921
38983
41194
41767
42269
42284
43818
10760
16820
28819
114
658
2485
4594
7631
7755
7873
11187
11324
12390
16107
16781
19076
19587
20792
21422
21687
23748
24899
26247
26415
27070
29632
30302
31385
34605
34662
36366
37431
38393
38421
40694
41861
15094
34110
98
2156
2212
3346
4021
4085
5707
6241
6429
6988
8642
8886
10208
10257
11580
13067
14591
16856
20033
20082
24910
26178
26918
30080
33122
33768
34042
35892
39724
43444
191
1864
2404
4049
5985
6391
9010
13678
14500
18970
21481
23831
24410
25708
26052
26878
27317
32972
33303
36949
38629
41792
6126
6395
6407
12895
13725
18850
18974
22207
24009
25301
26229
27742
27941
28095
29736
30173
31456
32162
36189
37184
37546
42336
4924
6907
7273
7492
14683
17056
18238
29001
31261
32401
34441
41365
43353
2981
10388
15207
15878
17955
19601
21205
25501
26790
27671
29037
29618
32371
33763
39555
42450
1995
2275
8567
16265
23027
23641
25558
26807
30952
37620
12124
15553
16942
30835
33520
34693
5403
5507
12761
17604
17609
36317
2287
9424
20704
260
2459
4950
10868
20092
38316
1184
7942
4
27
111
131
132
333
382
523
527
558
765
771
976
1130
1136
1224
1263
1306
1325
1373
1479
1501
1579
1654
1884
1935
2019
2034
2041
2070
2103
2137
2160
2361
2385
2392
2556
2620
2624
2644
2670
2831
2898
2937
3172
3192
3290
3314
3317
3327
3354
3441
3531
3564
3614
3734
3822
3915
3958
3962
3981
4037
4050
4096
4098
4128
4243
4369
4504
4541
4692
4806
4810
4847
4863
4926
4967
4968
5114
5147
5303
5315
5323
5430
5500
5537
5571
5654
5719
5788
5874
5943
5965
6101
6140
6335
6375
6394
6519
6581
6634
6897
6898
6958
7079
7152
7175
7232
7237
7253
7304
7333
7518
7533
7735
7805
7878
8104
8449
8461
8483
8606
8631
8632
8639
8662
8838
8874
8887
8935
8944
8949
8974
9040
9060
9157
9279
9446
9486
9498
9531
9533
9574
9604
9675
9733
9753
9852
9863
10060
10082
10098
10132
10157
10214
10251
10268
10327
10383
10634
10649
10763
10794
10836
10888
10907
10996
11021
11028
11053
11150
11235
11261
11416
11472
11518
11539
11543
11556
11620
11673
11684
11709
11778
11808
11823
11970
11995
12106
12126
12221
12239
12286
12387
12426
12471
12529
12775
13150
13156
13204
13268
13502
13597
13643
13698
13713
13757
13832
13862
13871
13886
13959
14033
14036
14149
14159
14160
14189
14228
14358
14367
14404
14534
14581
14589
14620
14648
14657
14715
14775
14853
14854
14874
14996
15150
15256
15444
15470
15490
15564
15570
15610
15640
15760
15838
15850
15939
16037
16043
16078
16098
16106
16190
16234
16337
16384
16405
16432
16445
16446
16526
16545
16547
16559
16636
16834
16886
17103
17321
17442
17471
17515
17542
17564
17566
17581
17586
17621
17648
17652
17658
17747
17762
17854
17859
18059
18075
18109
18125
18132
18149
18187
18228
18236
18255
18317
18343
18348
18354
18412
18498
18541
18594
18622
18650
18805
18943
19021
19042
19129
19178
19189
19208
19282
19302
19323
19342
19384
19385
19476
19478
19518
19523
19525
19538
19580
19584
19644
19651
19711
19743
19746
19777
19881
19916
19952
19953
19984
19991
19996
20096
20132
20147
20150
20335
20380
20382
20405
20411
20438
20464
20475
20533
20620
20841
20896
20906
20990
21043
21068
21078
21090
21112
21116
21132
21158
21259
21313
21327
21353
21397
21415
21460
21480
21497
21524
21573
21670
21838
21891
21908
21992
22004
22170
22262
22293
22334
22338
22380
22386
22417
22474
22597
22715
22780
22902
23006
23019
23029
23051
23075
23125
23171
23192
23215
23251
23261
23274
23275
23293
23303
23311
23330
23339
23360
23388
23473
23742
23904
23959
24007
24010
24035
24055
24114
24171
24243
24249
24269
24500
24634
24640
24641
24688
24704
24803
24817
24947
24994
25038
25048
25057
25112
25157
25178
25199
25214
25346
25398
25412
25480
25522
25640
25700
25815
25826
25893
25914
25977
26081
26088
26132
26172
26208
26297
26378
26467
26510
26576
26747
26779
26787
26925
26995
27035
27115
27254
27422
27472
27499
27569
27581
27622
27625
27680
27697
27703
27801
27804
27843
27849
27857
27898
27920
27930
28099
28199
28351
28588
28811
28818
28846
28863
28931
28958
28968
29031
29039
29094
29112
29144
29190
29246
29319
29365
29381
29492
29495
29554
29579
29615
29853
29874
29917
29926
29986
30020
30109
30114
30160
30214
30259
30288
30336
30364
30462
30466
30520
30526
30644
30798
30909
30991
31010
31036
31045
31105
31110
31111
31148
31161
31176
31260
31292
31328
31372
31420
31542
31654
31696
31706
31834
31836
31851
31963
32039
32040
32074
32078
32121
32134
32221
32258
32652
32655
32749
32807
32945
32982
32993
33059
33110
33190
33233
33365
33452
33599
33614
33747
33930
33958
33995
34009
34264
34272
34462
34523
34670
34720
34824
34844
34862
34983
35061
35068
35194
35208
35329
35333
35506
35515
35673
35684
35707
35874
35904
35962
35972
36069
36081
36084
36217
36287
36339
36466
36500
36719
36731
36760
36820
36827
36863
36902
36931
36935
36940
36963
37055
37073
37222
37318
37333
37492
37526
37531
37724
37743
37878
37887
37897
38040
38112
38128
38168
38398
38466
38713
38816
38827
38917
38918
38929
38998
39082
39086
39090
39233
39451
39514
39584
39602
39702
39867
39961
40003
40043
40049
40074
40107
40156
40159
40281
40570
40610
40684
40688
40801
40851
40870
41030
41035
41106
41232
41538
41655
41660
41662
41701
41705
41835
41970
42034
42127
42139
42178
42208
42235
42402
42488
42547
42572
42671
42721
42790
42836
42954
42971
42977
42989
43013
43152
43232
43321
43322
43331
43425
43474
43561
43759
44064
44208
44243
42203
19064
25321
14548
20026
32637
4744
5386
7752
16317
22934
8269
17136
27203
29999
30330
20742
20986
22468
30930
31166
36456
9589
9967
10797
13418
13840
15042
17873
18515
23319
23452
24519
28228
30867
33137
34600
297
2365
2879
10289
12581
28836
37365
38762
5708
6216
6961
18914
33643
34935
137
1638
2286
4324
4607
8265
8958
10938
16139
22742
24057
24279
26469
30829
31122
34288
41347
42089
42956
43542
994
3319
7106
9061
10119
10153
10568
13308
15401
21875
23911
24661
28179
30782
32989
33189
35200
41263
2612
8003
8149
10936
12176
13384
15165
16497
16593
18151
21642
21766
24995
28218
31084
34326
42774
43392
43679
799
1220
1997
2247
3008
4118
4469
5971
6580
7065
7275
7380
8769
13168
16860
17092
17510
17606
17704
19213
23031
28225
28244
28474
29058
29103
29555
29961
30855
32723
38372
38714
39781
43739
43809
14574
33999
1519
4316
4333
5917
8814
10729
10832
14288
15782
17109
17245
20036
20162
24893
25772
25776
25792
27371
28628
29035
29394
30120
30629
31336
31996
35714
35893
37607
37649
38553
39020
39772
40223
42471
42819
23816
1920
2736
2948
4419
4736
5000
5821
6805
7388
7438
8068
9285
9483
9515
10681
10795
11896
12540
14875
15633
17776
18123
19368
19484
20201
22923
23313
23812
24419
24794
24964
26274
26497
27676
27711
28192
28423
30613
32747
33316
35898
37614
38621
38707
40104
40498
40633
40672
41354
41933
43543
43692
4550
4995
12363
25587
27491
28827
31683
39800
3398
3608
3867
4244
5191
6131
6155
6263
6889
7594
7617
7751
8811
10841
13742
14265
14867
15267
16232
16242
16673
16776
17061
17144
17445
19690
20266
20349
20585
21194
21627
22284
22542
22696
22975
23364
23655
23684
24262
24469
24506
24950
24962
25291
26356
26856
27222
27965
28535
29789
30054
30280
30458
36518
37601
38148
38367
43074
43481
8864
13171
20761
22453
24340
24777
34201
35543
36781
41108
10379
26573
60
158
810
1291
1513
2398
4533
4564
5735
5870
6227
7413
9738
10376
10416
10693
10778
11446
11564
11797
12019
12340
12424
12435
13256
13348
14910
15379
15684
16114
16168
17327
18019
18304
19557
19730
21358
21451
21929
22251
22305
22381
23153
23327
23912
24025
24194
24365
24397
24428
25359
25509
25852
26526
27290
27878
28577
28923
28944
29489
30188
30321
31505
32070
33041
33063
33239
33293
34858
36323
36947
37137
38084
38643
38817
38858
40300
41043
5833
6637
13049
36527
4005
5468
7183
8252
8618
15233
17278
18302
20647
24030
28046
28942
29033
29372
31484
31795
33407
35742
36961
37662
40061
43494
9678
17087
25493
1500
2107
3540
3569
3932
4793
5076
5722
5953
6114
6194
6499
6694
7681
7684
8425
8516
8783
9263
9594
10110
10759
11252
11502
11869
12109
12154
12317
12840
13114
13225
13296
14413
14753
15158
15205
16409
18466
19096
19403
19686
19768
19775
20185
20350
20521
20871
21399
21603
21623
22496
22518
22530
22626
22815
23446
23863
24134
24188
24875
25058
25489
25794
26359
26444
26706
26859
27051
27486
27628
27900
28050
28206
29044
29069
29540
29604
29984
30244
31063
31418
31759
31931
32222
32725
32959
33799
33896
34277
34596
34914
34994
35527
35666
35774
36079
36509
36857
37117
37286
37433
37706
38165
38243
38888
39278
39436
39596
39937
40163
40786
41284
41773
41864
42031
42480
42596
43087
43383
43585
43830
5284
7122
17156
28739
38323
1056
1836
8589
9378
9919
11444
12544
17293
19794
20062
20531
20692
20915
27057
27212
27663
27998
29167
29469
30056
33053
39644
42879
843
38846
43603
9560
30
176
524
709
780
989
1324
1412
2111
2527
2689
2698
2893
2956
3556
3580
3641
3782
4360
4373
4397
4508
4706
4854
5200
6079
6110
6166
6450
6664
6685
7116
7791
7915
7975
8219
8293
8976
9331
9805
9819
10415
10641
10786
11353
11765
12020
12310
12545
12572
12945
13066
13185
13321
13466
13514
13945
14235
14240
14387
14491
14688
14943
14995
15228
15734
16041
16663
16697
16890
17132
17184
17811
17847
17905
18069
18329
18750
18803
18972
19171
19488
19878
19918
20355
20457
20791
21070
21165
21432
21489
21755
21773
21887
21953
21979
22045
22101
22444
22482
22743
22877
23421
23634
23868
23907
23928
24016
24922
25300
25311
25327
25552
25719
25906
26513
26647
26663
26812
27063
27413
27416
27573
27611
27917
28394
28591
28940
28947
29156
29237
29347
29559
29619
29679
30047
30110
30163
30189
31125
31413
31509
31687
32203
32334
32581
33589
33717
33797
34144
34206
34275
34559
34885
36617
36694
37235
37708
37793
37804
37877
37961
38380
38878
40494
41044
41209
41324
41457
42044
42078
42409
43243
44217
10555
1700
8356
16540
19648
23986
32115
33312
1279
2071
2519
4435
4782
4795
5369
6324
6352
6509
6861
10497
14098
14292
14537
15521
16827
16842
18722
19362
19561
20899
21160
21739
24323
24490
25658
26112
26705
27175
27200
29354
29765
30042
31524
31663
35072
35112
35155
36089
36147
38838
41674
3680
7398
8963
10167
10205
13346
20351
24176
25399
28169
29943
31347
31591
32686
33166
33884
34861
35548
37774
5650
10627
12950
18355
26675
39893
40316
40785
199
457
1101
2802
3860
4914
5969
6635
8525
8708
8936
9606
11982
13596
13876
17280
18148
18460
19123
19757
20563
20909
20989
21167
21777
22629
23830
23882
24286
24951
25584
26579
26922
27278
27493
27530
27959
29557
29598
30376
30535
30764
30827
31820
32159
34571
34583
34869
35387
35520
35523
35760
35953
37157
37455
40058
42491
43186
43877
7196
19691
32193
14868
23508
25184
26335
29985
30133
30352
38786
1602
3097
5243
9777
15315
17291
21388
21693
22029
25694
25717
30786
37226
37428
38745
40406
43265
27831
889
1901
2760
4138
4330
4515
4965
4975
5421
5724
6488
7566
8168
11081
11843
11993
12260
12594
13961
14402
15567
16204
16668
16900
17076
17810
17913
18056
18571
18743
20601
22360
23725
24816
25280
25422
25432
25869
25982
28646
28725
30325
30397
31615
32479
33494
35787
36537
37242
38559
38972
39187
42171
43349
43646
12076
1260
4619
6397
6439
7107
7770
7917
9185
18950
19150
20250
22475
22596
25255
26512
27712
29479
32991
35342
39826
44206
4622
6067
9337
19638
23686
27891
38001
38718
42147
42606
7960
23392
31521
35821
37133
36009
155
211
510
535
1640
1768
2232
2262
2424
2617
2926
3121
3583
3795
3984
3999
4459
4585
5427
5469
5712
5844
6081
6214
6445
6702
6996
7262
7527
7723
7905
8047
8077
8292
8389
8406
8689
8709
9089
9966
9970
10003
10428
11207
11245
12287
12513
12817
12934
13741
13803
14852
15235
15317
15455
15482
15673
16235
16423
16439
16768
16985
17374
18013
18278
18816
19511
19554
19946
20241
20626
21269
21707
21715
22116
22128
22323
22369
22899
23674
24504
24930
25053
25832
25847
26186
26389
26530
26546
26840
26969
27117
27210
27496
27565
27645
27871
27943
28425
28824
28830
29440
29541
29678
29813
29814
29877
30064
30070
30990
31210
31234
31236
31386
31437
31540
31750
32446
32703
32834
32876
32953
33214
34012
34504
34550
36185
36729
36860
37180
37413
37579
37978
38258
38297
39226
39431
39505
39801
39862
40426
40730
42094
42270
32146
20004
20127
26560
4976
16429
17012
28785
38879
1069
9493
14494
14938
17485
17617
23823
25746
31018
33400
38374
41791
15616
31538
271
398
605
1781
2046
2541
3850
5686
5742
6413
6575
6646
7113
9528
13179
13258
13920
15166
15300
16960
17506
18868
20143
20633
20660
21082
21889
23666
24088
28804
29702
30429
31266
31344
31767
32733
33236
33673
36932
38298
41695
43724
44124
1934
3193
4429
10090
12874
25724
29306
32681
39499
40872
9716
15991
36866
517
1119
1982
2149
2601
2848
3293
3591
3643
4473
4739
5192
5394
6328
6360
6570
6943
7009
7344
7557
7775
7814
8794
8821
8853
8858
8971
9102
9726
9988
10805
10915
11737
11813
11837
13956
14076
14178
15090
15658
15839
16169
16561
16620
17277
17603
17888
17963
18494
18635
19258
19329
19392
20087
20460
20642
20669
20895
20952
21414
21884
22188
22405
22420
22670
23381
24350
24597
24675
24993
25257
25621
25718
25806
25923
26838
26968
27181
27507
27585
28329
28487
28669
28691
29553
30094
30503
30762
31037
31249
31280
31384
31764
31904
31974
32081
32187
32743
32764
33311
33355
33442
33653
34061
34198
34545
34704
34960
35416
37254
37889
38174
38415
39038
39042
39066
39430
40998
41083
41631
41809
41836
42706
43641
43897
43949
563
2928
34825
2371
8157
17870
18640
20441
22573
26203
27777
33993
35617
39538
3628
1778
2796
2854
4463
4514
4790
5091
7220
7761
8251
10325
11162
13806
14563
15522
15563
15736
16221
16266
16512
17168
18607
18719
19795
22283
23608
23777
24719
24736
24835
25107
25136
25274
25433
25610
25970
26167
27555
27715
28838
29721
30697
31755
33109
34069
35211
37791
42702
43068
43226
43623
9267
19841
26882
29422
33742
1449
5504
7661
9041
12351
13188
13389
13766
14946
15759
16239
16479
17497
19877
20608
22137
25769
30502
31866
33657
34837
38403
39089
40991
42829
43270
13360
2581
5829
6139
9372
10363
12205
17104
19836
21885
25472
25957
29342
36842
43994
2317
17379
19311
24545
27083
36428
39608
11440
16063
23555
24138
33935
10454
18346
27218
261
589
656
701
702
792
1633
1676
1783
1828
2170
2238
2662
3001
3250
3415
3597
3845
4166
4224
4239
4343
4387
4484
4519
4618
4656
4808
4945
5136
5294
5717
5826
6213
6355
6500
6538
6658
7051
7101
7126
7399
7640
7667
7711
7908
8302
8453
8484
8889
8920
8977
9056
9198
9202
9332
9376
9469
9482
9501
9671
9740
10187
10922
11115
11548
11613
11692
11784
11825
12084
12125
12136
12291
12339
12398
12409
12609
12628
12782
12784
12785
12821
13009
13011
13122
13727
14144
14219
14645
14762
15194
15506
15741
16788
17003
17020
17099
17250
17824
17848
18050
18131
18476
18610
19579
19660
19679
19807
19914
19935
19965
20011
20069
20645
20842
20897
21021
21065
21129
21184
21354
21577
21599
21871
21872
22010
22026
22119
22303
22353
22357
22426
22798
23044
23094
23129
23243
23582
24211
24320
24524
24591
24726
24862
25229
25272
25323
25392
25551
25577
25714
26156
26251
26252
26564
26587
26611
26638
26826
26898
27122
27207
27456
27553
27620
27744
27880
28124
28181
28324
28384
28434
28738
28921
28981
29162
29233
29274
29357
29606
29637
29709
30304
30390
30597
30750
30785
31129
31363
31695
32243
32461
33087
33231
33247
33263
33530
33531
33645
33715
33804
33921
34057
34239
34320
34588
34806
35299
35524
35591
35813
35865
36093
36163
36529
36604
36660
36685
36871
37000
37473
37536
37652
37884
37998
38005
38014
38094
38260
38688
38828
38837
39161
39391
39679
39720
39872
40084
40221
40420
40603
40865
40967
41048
41536
41962
41981
42113
42476
42594
42730
42976
43104
43120
43200
44240
19128
22856
41742
13034
13847
20421
35291
2810
3736
4771
7716
9130
15844
22178
25391
27705
28522
32736
33418
34360
34752
35169
37898
42555
39
7988
10264
11545
13014
14608
15955
20551
23397
23791
25354
31247
33221
35616
35793
42475
43307
37
18194
25944
42718
499
2868
3063
5357
5730
6682
6788
7580
7769
8432
8675
10721
11944
12068
12912
13421
15724
17635
18292
19772
20146
22329
22501
24655
24854
25231
25344
26395
26422
26919
27219
28282
29537
30453
31381
33559
33816
34111
36807
41514
44098
35122
8298
18239
21694
22091
23783
23796
25007
29191
31215
32595
33344
234
371
688
747
1533
1626
2331
2654
4015
5464
6671
6960
7392
7428
7589
7796
8059
8118
8246
8817
9240
10020
10591
11095
11202
12750
12925
13029
13372
14650
14777
15018
15344
15403
16913
18522
18737
19544
20782
21162
21277
21310
21706
22022
22562
23512
24315
24406
24645
25681
25795
26281
26685
26911
27459
27681
28629
28751
30463
30695
33156
33665
33967
35173
35360
35567
35797
37130
37436
37485
38459
39807
41415
41564
43210
43532
41410
2195
17493
669
3808
4885
5751
6801
10769
11111
12837
13726
14600
14947
15396
17469
20314
23832
24822
25907
27080
27421
29254
30582
34448
34512
36491
42644
43231
109
1870
9780
12939
20947
23297
25407
25780
28377
33528
10292
10578
14208
14435
23378
23972
24221
24451
39208
75
1674
3655
3754
4524
4596
4868
4871
5893
7437
10106
10285
10418
10471
10977
12267
12512
12646
13142
13349
15102
15466
16584
18263
18352
19028
19051
20223
21626
22857
23110
23139
23415
23950
23963
24231
24434
24577
24624
24678
24958
25322
25484
25535
26317
26368
26888
28578
29115
29232
30201
31918
32037
32634
32754
32942
33539
34451
34553
34865
35203
35881
36211
36843
36895
37713
38445
38883
39337
42133
42318
42478
43103
43371
43993
277
2178
2622
7624
21108
34533
36966
3247
3421
10973
11290
14788
20423
21882
23262
26226
27124
27630
38004
225
6523
9046
28702
920
2075
2481
3942
4913
6173
6428
7100
7544
10176
11541
11607
13385
14474
16108
16159
16749
18167
18551
23542
24876
24937
26020
27224
28523
29136
29223
29307
29396
30863
31874
34082
34297
36570
36964
38849
41537
389
1570
2946
5169
6008
8187
10272
11296
11520
17751
18062
31601
32063
35812
41669
42713
44251
7046
17802
105
154
193
276
343
636
1275
1318
1613
2244
2446
3137
3170
3266
3409
3625
4078
4210
4833
5006
5028
5170
5945
5981
6802
8248
8434
8465
8953
9098
9346
9547
9577
9965
10074
10076
10114
10788
10813
11142
11419
11635
11681
11757
11875
12421
13801
14206
14264
14723
15099
15236
15278
15320
15336
15441
16950
17140
17707
18055
18642
18785
18829
19074
19346
20482
20557
20939
21052
21468
21743
21978
22406
22675
22983
23015
23391
24196
24570
25054
25263
25314
26062
26766
26808
26879
27041
27196
27302
27724
28097
28359
28540
29773
29783
29987
30285
30553
30978
31118
31226
31395
31569
31679
31950
32390
32611
32999
33989
34609
34707
35081
35595
35895
36072
36258
39167
39285
39490
39810
40274
40290
40486
41198
41372
41915
41938
42350
42641
42985
43028
43211
43721
1302
2961
10666
15334
33467
38104
4461
7513
16252
20568
21186
24339
24877
25864
28662
31718
36187
40706
20390
44004
187
416
623
1299
2439
2523
5409
5550
5748
7714
7820
8098
10862
14333
14717
15240
15468
17637
18268
19344
19786
20477
21658
21874
22337
22385
23208
23688
24290
25046
25181
25687
27128
27790
29356
29403
31676
31811
32436
33983
34132
34236
35014
35130
35674
35940
36112
36365
36453
37767
38167
38194
39013
39280
40228
41451
42335
43138
43169
12833
8365
24334
25082
32795
35995
38529
39816
44175
666
1726
3204
3518
5240
8712
9320
9503
11627
12462
13344
13612
13690
14279
15815
16743
17857
18900
19304
19425
19532
19896
20927
20948
21657
22271
23146
23191
23717
23837
24139
24153
24427
24555
24603
26997
28233
34515
35879
37796
38701
39653
41883
41954
3968
16144
26397
614
1198
1945
3134
8451
9842
10177
13313
14866
15177
17309
18773
18877
19566
22443
25457
26800
27134
31576
41601
42914
43483
3151
21281
29152
654
1827
1844
2377
5608
15861
16259
16365
18825
22977
27636
29377
34372
37425
38009
41753
10273
10421
10635
19790
21984
41745
42302
42902
1387
3249
6972
20219
21370
26343
30196
30348
4997
11817
13262
27005
28373
36192
22457
26315
10158
12525
13761
27429
35590
22129
37817
213
356
410
426
703
1090
1782
1838
2389
2975
3241
3253
4906
5056
5194
5262
5272
5402
5580
5703
6458
6533
6561
6721
6860
7058
7743
8126
8230
8382
8534
8813
8929
9007
9105
9357
9534
9826
9845
10052
10408
10620
10728
10741
10746
11195
11325
12227
12232
12338
12614
12831
13170
13315
13679
14121
14183
14369
14646
14913
15775
15888
16038
16072
16164
16615
16912
17093
17186
17256
17276
17657
18115
18142
18144
18848
19089
19410
19677
19706
20269
20328
20422
20542
20674
20690
20804
20866
20998
21214
21906
22007
22118
22212
22316
23046
24273
24564
25119
25219
25254
25368
25427
25496
25550
25600
25628
25634
25748
25793
25860
25961
26219
26479
26886
27154
27323
27389
27558
27736
27745
28149
28744
29160
29259
29497
29778
29990
30317
30362
30430
30447
30634
30664
31065
31208
31342
31448
31578
31659
32126
32445
33031
33045
33441
34141
34409
35828
36075
36090
36720
36999
37309
37876
37895
38278
38572
38658
38986
39426
39529
39534
39603
39980
39981
39998
40069
40180
40437
40532
40555
40594
40623
41253
41345
41635
41801
42228
42346
42364
42490
42603
42620
42756
43047
43100
43170
43205
43795
42090
31060
1662
12401
16861
19292
22276
29291
35796
15917
26023
39497
16346
28547
8744
10406
11128
11147
13060
13087
14803
18907
26386
28250
28982
31986
4723
8312
13001
13042
25466
31034
35713
37539
3104
806
9641
10145
10524
11926
16487
18235
22851
25060
27647
31754
34592
36925
39769
40203
41220
43025
10271
15215
28912
1840
3633
6367
6414
8687
14611
15708
17681
18605
18986
21865
22752
23246
23976
25689
27264
27769
29343
29718
30208
31548
34567
36549
38776
41214
41637
6798
30478
1466
2026
3268
3761
4011
4467
4832
5280
5825
6829
7270
7961
9052
9272
9824
14277
14558
14905
16471
16612
18048
18164
18321
18381
18508
19105
19864
20249
21330
21738
22795
23395
25925
26858
27293
28014
28501
29621
30919
31237
31886
32721
33440
34665
35839
39000
39314
40001
41818
42259
43019
43021
43280
14375
7173
40479
31264
420
1162
1556
2057
2074
2295
2938
4547
5753
6433
7376
7465
7495
7739
8546
8558
10460
11033
11439
12181
12465
12823
14320
14454
14684
15454
15655
15967
16314
16458
17047
17314
17589
18814
19884
21383
21840
21967
23316
24096
24170
24223
25039
25210
26363
27129
27481
28121
28816
29614
29960
31209
32191
32426
33024
33610
34658
36589
38748
39149
39535
40514
41305
42416
43212
43422
44015
31430
38240
42483
2282
9180
10602
13657
14417
16685
20400
23480
27725
28770
32662
33067
36822
42218
43986
5350
24680
31204
980
1410
1888
2643
3236
3360
3486
3945
4115
4380
4582
4839
5506
6043
6545
6548
6822
6956
7110
7578
7799
7934
8199
8730
9384
9825
10338
10357
10385
10420
10509
10864
11193
11299
11659
11810
12021
12257
12502
12866
13010
13324
13663
13721
13747
13908
14062
14123
14472
14502
15630
17084
17450
18015
18034
18828
19015
19390
20134
20498
20522
20536
20999
21217
21581
21685
21726
22038
22537
22606
22616
22756
23233
23494
24297
24461
24669
25345
26291
26693
26791
26824
27364
27757
28100
28265
28401
28435
28537
28707
29119
29261
29830
29956
30366
30787
30846
30848
31325
31447
31463
31479
32180
32450
32592
32616
32763
33471
33636
34586
35675
35734
36358
36470
37045
37714
38119
38352
38552
38682
38834
39095
39137
39138
39241
39382
39945
39986
40015
40032
40196
40447
40676
40767
41902
42169
42710
42900
43034
43715
44238
7258
9638
11059
14215
20678
33371
1996
3059
4134
10849
14182
15539
17941
17967
21191
24423
26041
28822
29658
29898
31475
41262
43525
7070
17715
29768
1405
8612
19298
19767
26173
26720
27021
31828
36933
2306
31267
33154
36480
36599
8653
41250
25249
28533
11
887
1015
1420
1476
1849
1886
2241
2904
4268
4834
5143
5167
5750
5916
6435
6673
7329
8147
8808
9259
9487
10592
11093
11210
11219
11274
11549
12591
13213
13300
15108
15854
16124
16255
16809
17058
19130
19396
20753
21246
21332
22265
22916
22946
23756
23960
25267
25840
26158
27162
27480
27506
27713
27961
28322
29017
29590
29663
30264
30274
30409
30683
30883
31143
31614
31693
31775
32860
32947
32987
32992
34186
35987
36320
36982
38077
39146
40791
40861
41892
19092
245
21722
2768
35594
36663
1080
5619
9807
19774
24874
29437
30525
32313
39356
39972
32547
2702
5116
6223
6985
19274
20135
23259
24116
26931
27198
28793
28976
6063
11404
40901
14586
24186
141
824
1880
3568
4679
5356
5481
5661
6150
6502
6559
6736
6975
8375
8702
9398
9417
9642
9945
10269
10368
12956
12974
14015
15368
15397
15877
16200
16222
16340
17074
17274
17529
17729
18557
19432
19720
19738
19874
20298
21398
22233
22243
22298
22862
22985
23007
23516
23585
24565
25571
25894
26454
28674
28898
29122
29697
30037
30436
30450
30536
30665
30831
30879
31225
31377
32168
32538
32748
33065
33304
33515
33982
34945
34954
35231
35511
37541
37640
38753
39031
40117
40366
40545
40628
41229
41567
42063
42124
42267
43193
44039
8211
29360
38227
15813
16344
18309
24326
24806
25989
40886
1131
266
975
1621
2047
2305
3528
3775
5794
7549
7895
8435
11438
12220
12467
12832
14297
14662
14846
15254
16667
19290
21437
22090
22865
23544
23672
23709
25197
26797
28191
28966
29257
30026
30627
30720
31115
31458
31707
31937
33066
35365
35841
35999
37683
39088
39353
40842
41168
41729
42682
43686
44192
7290
9189
10838
27230
31603
5768
6045
6867
7184
7813
8597
8682
9650
13708
14368
16006
17292
27228
30457
30581
30677
31028
32280
32482
32690
36361
38264
39250
39714
40630
6738
28346
3469
5022
6222
11320
12429
18552
22698
25941
26986
27193
28211
30180
32774
33991
35965
5156
11640
19586
19789
22181
30144
33639
38990
19603
24471
365
5411
23567
1407
402
579
948
2215
2281
2343
2369
2380
2448
2599
4040
4615
4725
5009
5035
5100
5631
5784
6143
6552
6668
7048
7662
7852
7909
8334
9479
9557
9720
10661
11376
11432
11481
11571
11668
11754
12666
12870
12909
12932
13607
13884
14133
14283
15587
15652
16245
16273
16436
16687
16718
17441
17750
17884
18392
18747
19680
19898
20728
20783
20796
20845
21868
22032
22484
22534
22667
22745
23323
23715
23761
23925
24172
24689
25251
25305
25537
25886
26031
26268
26352
27093
27359
27584
27650
27945
28797
28870
29284
29566
30265
30606
30700
30810
30838
31184
31605
31712
31757
31829
32387
32529
32928
33516
33803
34200
34573
34782
35234
36082
36297
37103
37565
38209
38212
38276
38351
38563
38670
38700
39212
39638
39988
40037
40183
40663
41185
41379
41397
41620
42196
42740
43062
43133
43137
43201
43658
928
9724
10249
14518
5101
13932
3130
7468
8697
18251
18375
28266
37174
38356
43269
6497
12430
13069
14583
17541
27956
31097
38230
20290
5882
5897
6990
13962
15280
19812
20516
20595
22663
22937
24919
25696
26635
26801
28348
29067
30730
32412
35608
36319
36968
43755
15671
1567
3350
5003
5393
7859
8934
9552
9808
10990
12625
12767
16763
20543
24145
25938
26048
29199
30142
33568
42160
14704
14933
24389
26762
34581
21150
572
763
1471
1714
2163
2357
2720
2753
4302
5493
6016
6369
7486
8281
8777
8946
9344
9551
9828
9911
10148
11231
11761
12251
13515
13649
13700
16758
17865
17935
18447
19446
21697
22023
22498
22807
23511
23877
23899
24454
24673
27328
27366
27894
27991
28151
28695
29000
29023
29062
29771
31432
31658
32996
33543
34151
35455
37207
37875
38974
39484
40805
41094
26943
41408
3758
5041
6049
10071
11600
12700
14817
16494
18418
20734
21517
35006
43112
2412
6539
22921
26232
28713
1013
3083
3269
3542
6333
7180
7517
7946
8479
9266
10642
15080
17055
17130
19376
19519
22710
22894
23462
24983
25921
25984
27971
29826
29920
30490
32606
36535
38648
39189
40000
41592
42542
16633
18399
34780
37494
8472
22694
25062
1415
3732
4606
5063
7956
20729
21758
27494
35579
37282
18431
20385
1664
1742
2142
4434
5137
5823
7355
7457
8162
10047
11806
12119
12332
12451
15688
15860
17024
17460
17718
19901
21938
22193
22365
22981
24028
25686
26401
26926
28766
30041
30311
30350
32120
32172
35004
36156
40092
41245
41607
42703
42839
43217
15404
24369
34851
8093
8722
8770
9137
9461
11138
12663
13450
14370
14639
17018
17264
18237
21227
21645
23000
24405
28238
30061
40578
40626
2852
9147
16576
26757
43399
8393
22392
33824
36793
33021
34001
35242
18906
606
813
822
840
933
1867
1891
2559
2608
3419
3914
4132
4403
4623
4667
4764
5080
5360
5475
5577
5940
6464
7299
8022
8314
8367
8452
8711
9364
10386
10395
10456
11266
11577
11981
12336
13294
13740
13889
13925
13966
14071
14314
14802
14908
15388
15478
15481
15683
15929
15969
15970
16702
17262
17499
17731
17772
18114
18156
18295
18656
19448
19460
19751
20007
20031
21007
21242
21587
21698
21876
22002
22340
22394
22647
22853
23026
23614
24023
24411
24487
24601
24668
24732
25418
25520
25978
26035
26165
26678
26831
26902
27626
28013
28127
28197
28334
28890
28920
29146
29644
29959
30149
30286
30659
30714
30736
30828
31496
31895
32161
32167
32265
32472
32503
32553
32794
33431
33455
33615
33672
33726
35483
35959
36497
36701
37165
37344
37788
38504
38659
38727
38802
39151
39438
40020
40210
40267
40461
40692
40768
40779
41002
41019
41216
41280
41282
41337
41519
41527
41552
41830
42434
42501
42556
42558
42818
42877
43031
43160
43504
43748
43794
43807
44146
44214
3099
15698
11288
17429
13777
18270
22412
26891
31956
23815
1218
7187
9151
11686
16257
19241
22665
26101
30284
36267
3052
4351
7135
9368
11388
12273
14200
19280
20268
22595
22838
25152
26285
26421
26511
26904
29900
30282
30612
32349
40189
40844
42544
43045
43479
4904
22279
23373
25213
29732
43363
598
694
1046
1126
1881
1972
4458
5141
5287
5944
5962
6969
7605
7938
9820
10518
10545
10587
10884
11200
12178
12203
12497
13157
13291
13419
13572
13874
14056
14120
14220
14677
15295
15479
17891
17971
18063
18936
19139
20213
21710
22274
22502
23024
23057
24047
24546
24593
24861
25430
25521
27526
28154
28339
28630
29596
29875
29934
30933
31195
31669
32474
32578
32591
33132
34401
34422
34921
35078
37814
38381
38495
38507
39051
39103
39509
39740
40100
40184
41102
41139
41648
42413
42758
43248
43771
44068
4423
4430
7081
8259
8537
8852
8962
9462
10423
14030
14164
15122
16705
18873
19521
20691
21516
22974
24363
25679
28001
31072
34796
36252
40656
1255
14273
17720
28457
28660
32117
37338
18677
20534
31345
37007
38689
1354
1425
1487
2363
2420
2933
3763
3801
3840
4301
5118
5677
5850
6425
7564
8165
8673
9593
9632
10785
13134
13448
13471
13484
13978
14157
14400
14805
15075
15115
16382
16394
16611
16932
16999
17354
17407
17778
18076
18562
18840
18990
19483
20216
20407
21924
22581
22816
23854
24156
24293
24393
24724
24901
24968
25189
25328
26000
26819
26908
27600
27853
28057
28387
29538
29841
30281
31203
31326
31738
31903
32089
32682
33633
34810
34946
35472
35826
36250
36955
38080
38605
38754
38779
39471
39519
39645
39915
41989
42592
44034
30727
19663
21019
29581
30216
33163
41979
16915
17033
17805
18210
20864
24274
24330
26714
35432
39300
43719
3902
9909
23908
35806
3140
3237
4521
5107
6513
11037
11923
12103
15024
15613
16437
17653
18619
18701
18835
19117
19136
19598
19837
20933
21983
22605
22767
22932
23568
23650
24181
24494
24631
24632
25113
25454
26324
27872
30159
31124
31192
31227
31357
31627
34416
34478
35517
36531
36661
36689
37396
38579
40549
42288
42739
42796
43096
43963
13877
12434
15772
20956
31471
3525
4235
5110
5848
6052
6187
7892
8141
9704
12522
12738
15439
17106
18110
19989
21484
22867
26508
29183
32931
34886
38920
40457
43158
43701
43764
18044
42518
6042
12686
16160
15436
729
1298
1473
6544
7128
7239
7469
9155
9613
10447
11146
11533
13798
13881
19778
20286
20793
20835
25171
26119
26443
26575
26745
27515
27661
29695
32830
32994
33978
34871
35377
36472
36551
37994
38136
38541
40219
40264
40265
43902
44121
21813
1349
26645
583
6571
8524
10579
11712
11775
20418
27077
27721
27851
31082
32237
36448
9
1773
3168
4158
4303
4824
4862
5729
7308
9243
13183
15497
15876
16594
19458
21823
22066
26828
27996
28103
31451
32707
32983
33171
34010
34127
36878
37293
37638
40627
40995
16453
20218
13128
15118
17961
21633
33692
35423
5689
27069
23714
2487
2807
8848
11693
13013
13592
15027
17565
21753
23943
25353
25372
30979
31293
33984
33997
34698
39261
39335
39699
39731
41213
41328
41330
41421
43281
10149
7334
7505
10107
15130
18847
24520
35552
39610
13685
3869
7157
7516
7583
13485
15437
20225
27248
28053
28421
29157
31086
32111
36101
16192
26726
40506
3470
13575
24067
1089
1237
3064
4350
10651
11025
17845
19994
27075
28463
28853
37052
37533
39537
40652
40874
43983
19073
3547
10615
26767
33451
861
1693
2418
2791
3753
7062
12243
15171
15349
15530
16574
17949
19715
21130
21268
29418
30921
34611
36657
8879
10918
23952
24012
36684
41676
571
2414
3573
4102
4617
4668
4690
4870
5313
6137
6299
6859
7014
7477
7639
8480
8492
8870
9225
9397
9568
10210
12366
13427
14578
16536
16655
16940
17240
17366
17509
17846
18078
19486
19655
20760
21106
21428
21578
22464
23304
24183
25544
26985
27026
28045
28056
28749
28875
29215
29638
29863
29909
30563
30650
31200
31246
31373
31736
32880
32958
33258
33834
33888
33892
35214
36162
36326
36674
37987
38447
39092
39196
39349
39369
39615
40068
40888
40961
41171
41243
41453
41579
41670
42010
42025
42225
42481
43070
43251
43467
44230
44247
8526
29861
36885
43765
4934
6916
12998
10533
12566
15127
22471
22526
28703
34944
1221
4905
451
1992
2208
2650
2853
3260
5146
7075
8531
9933
11165
12237
13018
13603
13819
14051
14299
14512
14550
16733
16954
17733
17756
19354
19581
20859
22601
23132
23859
23935
26709
26746
27673
29029
29043
29349
30625
31317
31684
31729
31744
32107
32664
33192
33976
35856
35968
36018
36490
36946
38429
38759
39977
40165
40516
41405
41432
41793
42106
42140
42459
42654
43094
43294
37776
4407
8733
13366
15312
24280
24830
26687
26786
30089
30600
14731
41746
347
5319
5786
6181
7287
8316
8424
8591
9426
10314
12116
12298
13496
13733
14807
14940
15975
17714
17822
19198
20379
20501
20545
21932
22078
22169
22928
23695
23828
24152
24756
26608
27158
27740
28294
28545
28698
29717
32147
32593
33376
34031
34349
34607
35418
35815
37754
39007
39293
39663
39730
40064
40125
41530
41905
42618
42799
42842
43285
44006
44115
18706
5383
14772
18945
30464
31995
40194
43567
4898
31600
1154
2895
6083
7680
10606
11399
12601
13227
13675
15116
15131
15711
16116
19379
20832
21466
22572
23442
24439
25946
30060
30181
31346
31891
32493
32612
32618
32660
32856
33733
35928
36821
38887
40955
41463
42076
42266
42440
43513
7810
10754
5311
5872
12606
20440
36242
37548
254
3384
3934
5351
6317
6918
8540
8672
11105
12153
18918
22285
23565
25579
26330
28608
28610
32868
32899
33028
33402
34450
36772
36976
38943
40153
42431
43723
36286
220
1489
4293
8839
13431
14100
14756
15913
15980
16969
20260
21737
24420
27160
27435
30862
32744
33909
34525
35355
36544
40631
41946
42263
43230
3312
4811
7660
11552
13101
17979
24129
27702
28426
28752
29351
31223
31781
39311
42102
828
2029
2815
7808
9883
11906
15069
16893
18834
22112
25221
25662
31314
32344
32971
38705
6605
21849
22227
23370
1286
2725
4971
7864
9435
15271
16568
22019
25003
26798
27875
29206
35911
38440
43366
43582
27001
2923
3003
5054
12844
13302
23995
24839
30703
30726
33736
42222
3120
3837
12667
16110
16279
16369
18119
20490
22180
23488
26073
28555
28847
35233
38693
5171
6239
9587
20771
21461
21681
26869
27829
28668
29588
32905
34654
40158
44244
13896
20744
39709
1584
6955
7345
17095
21042
21512
25316
22364
29945
13037
22001
33874
42365
4161
4738
5292
10751
15582
16309
17197
28072
23420
37848
40367
43073
11587
33587
38074
29453
40091
41778
1352
19294
27522
38778
11801
31835
37782
20282
21073
11094
40579
7031
40744
13238
25145
41831
1200
1238
1432
1738
1839
1936
2138
2228
2504
2524
2576
2805
2952
3199
3432
3730
3777
3829
3922
4007
4266
4319
4370
4460
4733
4840
4957
4964
5155
5290
5332
5342
5600
5683
5930
5991
6174
6336
6378
6508
6705
6912
7024
7074
7125
7156
7241
8175
8369
9600
9773
9833
10026
10066
10155
10792
10925
10960
11034
11188
11297
11557
11621
11661
11762
11763
11947
12052
12671
12736
12816
13005
13176
13598
13631
13722
14020
14116
14401
14419
15220
15248
15848
16102
16189
16258
16558
16832
16883
17377
17526
17711
17986
18077
18159
18487
18575
18704
18966
19405
20095
20140
20247
20280
20426
20459
20467
20532
21168
21412
21797
22005
22566
22686
23009
23016
23025
23114
23411
23526
24359
24372
24488
24497
24681
25204
25236
25474
25547
25848
26148
26373
26374
26555
26571
26793
26830
27038
27061
27314
27477
27774
27890
28052
28092
28272
28281
29290
29478
29482
29563
29782
29799
29820
29993
30108
30131
30298
30584
30882
31135
31188
31422
31541
31590
31644
31871
31919
32160
32307
32519
32526
32566
32831
32885
32964
33057
33074
33444
34106
34135
34340
34350
34648
35409
35499
35961
36078
36451
36593
36748
36924
37290
37357
37481
37569
37792
37923
38120
38469
38535
39783
39949
40377
40445
40574
40620
41593
41740
41853
42132
42241
42581
42729
42857
42958
43067
43415
43431
43529
44110
